2546544646623143236351664334235166523444153112113233623136534146335614435523352116423455215223146355245361664322546213614565416441251312464336312362535565236464362136622154144256326325215113324215323533453644332325116653332253225453421516424154336215135156316161626442256232345345362422516323435513234116351616312325211422446652344154511655133612656321444622155441354224411155213131124133362462613113
5662221326133133414134421153354551666541331635446461124546225222352121123161556322426255426553361245663444432341155624643421222414156441155336534541343351432546124431423445515524161365645632254254235632112315113522665353552223313431615265112454535246344256415233355515214566335442111434522342445364332466144453211262426255166615224313162233555214335614263431111132543116623212235136462143663263556663
6513152351421365624465254553425163556523536546656536656166344145234445652363331213342126361265511514124214514641626256156621652522246555155326424354426114455235533444334136566254432261234322614521213636666466263611363362155242421331324331361346335521563162531232543225312641132456131221311311154136452126233656631142215232366524551213434466234611553664636352626134552164432365522622132354663335422611
6163631313413213442412525466413451156461361326566135555625463325113256525333312143354534125541446223112662516256242114264361264226454311326411666124245311541326132621625413335252534422122125343563124532643462136445223442213612514241151256156154226365545312244236342625361655221644613412343525422653144444215211613253543123646116361311511421112321623141444215332263253412253114133162266144665346425124
1645342632536632123354425614612256414623556561544222211152645353654225636343532361412321325114531211526556324132363116152562425653435341546351164545244222135235511532662112441633222661626213421436563155435446456226625333644262444513556536446112145131461455613323124426136513323512136212352233653216256632654155441522353321612334525564123336432534626356421521453616126262511666433146511533153351332643
6515415242115115161431426246632554241533553435141632555425523424414551622161311553422653623213135431441665413645434615215156266111662361325515464656242161411565311354512126556526144211452213441331211356344665463551153616626121454112312142142444112223335463265451414561642561332633244415513554441655433421454313642312446342541436241413651632656425562214362252661535161332364225443666342164524321542121
3624143465266254635562135443533415533311624626664531131456311611516254465454112151122125126325641151544553626256233424354233155223634525121256521663244252663242253416566445622441346215544613532465453646432315232256115232224524441241634425125116352655134433135456165235432563442265236245633434131334564514214521341142423234134111136536622523566354254126263425134226125264524654114136121635323455253536
2265211444411263116665162353116126526462166116326141335612443163114353624541245541326242623411266141125232611431241142554565556221142443143264415131556246465325323644124164526666141154461315566453266123523352354526343423221365561535656556653412532314635223131254335446224136331546641232566126361263362125656634123232426236412155434325546341143215141652641361532666332326134214212524613243236161454663
5614454343434226612651664441524254651463414126626654444144351366653434124363345133241244144461413432342361362656426526412645245646232631216616563645313244433361456243641451526154532562443556625145634432621154211134632414352111621452224141216632155215133323434666616343264121621511215156161336164243552563151431144255531451343656314166411113534135414341423221432236153411351156351623211156463626445346
5166556513626334525556456154264212364355655211542335345632511365263343336424161514464412356623521264234633666213622543422142434346514256442614163533244254635361565543525653453353322145414454612226414226341366444555353435255665334261662264646213251256544211353541113552535632443456632121344143161451154512115262244655266346111615311545633143542154642146615125225466324253522414366113555665116361645331
1152241333164146625314223144444446314236155346163563132332163234113516536661645446241356463565535164432153513613235142334522211364423541133533514144525243555443546421341112462426622364443222133326664423412231662126364344236165152155221112131215436441651341313136134163313645533326442615332632443632226155624566421664255414362215126151461413346544222664113216662165312553366154522121344162325462216122
4324244541224362424622431331144134514145663266141333331211421561242246562213634344534165334665652164224464566121536233126354465542552161516521655552225213122133134432562123333655425225136443112514253431245336521533343254266611444124424565165433234225165412623336215155214653142352533561614554663462245511624556625162662213553612543616366662312644311161343615312255125623451214555634336414462525543654
3542156465251335315611224264655363563612212222131642635125626113535252346651251263144462531354552345466222224114624111334265344524443465652246235231514243351414625251362535334652322312322663564236424432244613343624522162355321663431164425614316336641664336234466326664232212343456451256322144356342536123651414444322516443523213563222365414626323436633212325261646264142152142231362156433126161416632
4251216523135654332566225243515612265414625461644233321326646544614142263642324445532412235442315131553435123633532665362521333632364255224626561226426621244652463224653436616636342133626326435446642142232152246624242636524254146611241311361165154154554422133633236151621163325636531355632455242161236211323611323363436326366554613366644232461515362465366461332426461622523216535213452524342212441255
3543164114642443546541514322113146243165152232325516336341312644325351221632234645516163113552133416311234646131145413252125655343246664325544231212312536326332321315362124441535461361555516445244161432262535454532163564335444253436122452141325634143266664234446612153363414245121145362314455131533244666213653333221125235214245653163451365611324161633255144532411361564143514651442533222242141432226
3553161424524545214444625464241243452142365161534615152215122636626135355113321162251533143456565526244156366253651532253354445651524266514432541653124645661521342352456555126236532244125221535351362425362662363331524653566352112523321432546133412556122324436433253441131545525453212361224663125423234524153232626246546526544266552432564433623534266516525646262312356355351434163416322311124422525311
2652265655521551414314422136254645112165332511442364331322213433555223123611355541211424361345226122661435465116146561654335622554122335163163225555213424532516612314421565155265466661151542332211661513113615361323512625321533361556124321313243233525465112243656644235443324422636454531521554635112123335352322611464424315325452564522126335162362545341621425244646553651534251152546653651425223115212
2634241512412634463646144264422645325245663124146653135364645315264241136552262245332643564452445436323336634435553266412643412433451115653125416622455462333536611354116536432566456452153662312341516325254655446164112554511446366165362662332362221242451613225336515412425225122431643534236562153226143265315141151124121564265216255255654521323513513242652665462132641562366612131136324236211412653115
4655324256522631153662241344244162665251612411515321614355436111423351435513233614126653116522311355415332554633613562456455555424214234326144136146346212554334236312256611455521563456551151215325152564441651266346131335556313411442263141624453366664644624123525351223212646364233524144661336366131166311243346612536233261112132122242316352624653451665555241263423355556456542566542355446656144626312
6461544354412654515454152541425553563431462241623662245361421343415243264636243615445241522264224543642635554536441243143612346132261425624564136613365566164233326232465445513615461461663621155355251441445136414412512362124635131264342666516536635244164325521163463634423234124124151414335234663312122135165422253536253413354131324214436125345445161313413446233263615343463214561241666461614311366421
3646135444215534113343661452153231263616141536416154125364116635416455215516163644511461544456445423315153462623612314524553432164226451652322256422433352524266543366111153646355316512631143663166646454263653213465621166343135331261411124653552522223655214433442534354446353513624345515424144163311351143142553231365343245231416421534626334535552152151364651524326421533131325511436313535414144133261
5424424313335264445312615245635151164236625346646165363642525526522565155616264446111416141454626225363151331141266315312633114143164123662414434645344536554363556324121155324262365341615264436465514523336252414416353665312416246235141552354463514651125224245511564634546241465566332556223333635155444455663142215522132421664413344412442351553643433123543636456525223135643356423513566553553222665152
4515241152334364152363556323614646411411225165424223652145125624224255244432321152311333452544665332432542256563146266414344512261254325545453231424351312456323512436461331445465264133252163532212263513435331132134242253244161664162322264432435111144164624461332312656521135424122236611131246166531515444413123654354422342444223326556556661613232416215426512531454411625226231533256653526114144536456
5521511611241413245256324141445663644535314211361533331614264411136543656465626365412263333622234555645444255235443253265252532321463623125644263226216135165152115313153424244342115321561416311556246334364146554664625526564535655222134156211343133516513615352334232654611141246155155253111544614316153164426541162461654142121262462434431236521226543631465511641335424665322654243654165116141332525656
4126116534634224535651562332645363134441424634362643163251612564615634323353115615624656565461262313424432155163256224434144236642115233355612455121216614343445326533634226251211351112554425261611331261412613611356512225415133655313244151132452564643635465354561322666514513163461614465453241141352363415614534565553266366346564231632634225131613125531142621532416222244516222522655152116331343212614
2145251313522265251631313315645562433311552621352325613411555432123132514325652555661243434212655326222255531542341333644231141262243365412262642464513121251544533526345442152442212324361511464332325556132152131546613233415353263641115133345422341315331165544624515413435653263656515262412324551226355332414113565614612115161251412424144526566131414445163264341151412326423263413532361124144222344233
4516313624161353244414222513161441321361441352161421463451411254152636435522331252562365115343511454633236115116454513124615512341535411246536255226432441646154413321264455651262531632365346314623335264222622154366233422345564345131364142612412564362465551154532526146353634544646432525651314324626662532365152356316445534111233666416625326661143235155566124512253426256624464322462312443512453635426
1526533255554511262455555513264151434525625164446131164535365665623124111654423355122552523245643351411352322216555121464252123255533456554131452445235165135221413163151244251365616144613446243222264342266624465541346362426335312616463566664456351451555222343636651431244546615416166454646552431354624113363452216436146356656226611612564636152463332634131161415656666362132334551352455141162142656455
5424621143344111464523113234312334613242516564433465144634632446642253265321241415434332462625652421146226411142262512243355144164132636423265252352254564631623266354331533515542646164356535144365616623515434636144634554214333462153332246325463522435114564326164352434524564134142454366461351234555611325156246433416341462316623635442462441244435335566145411421662135432243223524426212116142565564622
1415113416632542136431412345364216421325531613313351524512542413361533212364441324465424242351446416225335452435244544431533335133543156165534215145251446611246525351244423333154543354624214445461352312343241253436652636232662352231451466363454336464243263263442126343532423526214246132352125161115424112566131655532531512121663212264336234315561525242342543463323211413464513133525463645343144263212
5362645462112363213236331456444536433625621612213414125542426435223145454524236323414133554261324143315615565166523664246516322613544355254622651665426465553241411654315234641644655446346614511644665433453212546246523166656324125131343161456425523316433126635443626313454621162624416225545615224542126361343164343654345653253162324146565662346312442135322125561214423541263563415442514521651252642616
6531451525215125525545336242233432546361261551411441264334361511554542352262642246151343451364116222515433516641316565556226452566432612221422243422346514634523156546546241536131636546566361132623643255511424345421442144442163361435413242343615415343335114126146123461265423252264243235511131542251512155316344441232353424225263333412356453233551635131552543661263333521634133264234211632333642366661
5463261346325235422555626544244612313615155215244522456661132416445531254646114455664214223446224536634153313351612316631531524542116616465444651222253612513146425665113656422653636656233123414623325556261432324321114464364264153446225633452342514142656164131333122355635345555162354123136665112621225634346154654163536264214516322454561353224134524636536326242466621153461564623652363212614416261566
6354462443651216523565646131643354443166222565134151316352152111656226651365222632516652126464413633341425666632213434646413653231134511511445462323562654645442212523254115656442154353425556516143261442515312431623263623461142355223611132113125442545456644211536442521445461554124265551633423311525431445225462545562254463652622216354132114614226111436215136134312111623623512366235355462415222245255
1525623622521465423426463232652636216333556435464113414512412352564316352525411153552364551335624112124652135614451242324612252215114354412133311264331446116653545135322241664533315665542312344556443416636241414253513615224244143462426635513145616633414225211413316115641135235511423266513414366116132631221564261512111434445512136555313525142656524614522634316561131342446126612546462543556152132114
6311454562544342252124536222614511465546415556551316452341465631161135523521624641125452361262334331162313223244443555355223336561336441633521316661551132141534163115434526121221624156246524135163234525442161536651263255511515561121333464466343621641111366156446231141343663453142626666422511465245645252661661355215344411356454441122451225612543435666641213453545233251662613253446133526641135426425
2343246622413321226562643641654512366422526351513234363365535234556643253313114334413322111614626122362423654541141415541623151442342542126152213611225535422546565125666511324544234516125321565642543121246652326264163326111246136224531115522525532645664363642521415624425323254364555315464533463642445455566234261321442225365164516544554456621413524622323564113144364161252614565332315236314314216366
4424162562121144663163262235335213464163334521235216413244431222642254641324345326232626616522615226231351655223614553536626124566155255451542615322332155555332321146444366136356633321462125422161626315311263643144332435153562312144524442136332441534454646651141153435434256333256556243433444224612464154613252254624253231234664441445331211553344145425531236252223125423323611345154314252126635523351
5511245434314455535121365634145313231135353541136544653545235212565525423366653146445242661333464544511232566126263563135615336216642156523534656654625115356536333625456651541643452113326111563541542542363252632512462454642163654114315646244452232135132365115133443525266314636552221322455132522443246362156612214315612524652115335653452513135431614144435362626242566234334325156265341224451356415122
1546665112651121652515426134623342144434136421164226321256365335651214122544463636233454215456544322612166526442651523312641464523435225541452656361546165533525262266666232453314325522614221444252321532314251251366416325235634161662646511233223442321112242556256353253254561333153243433423341161313425653411234612241443225353634224251612131355235535155235351312636434513314463152243155121541346251334
4211346516341533541246644365623654656424111551452246626565524612663356466613614663452165353134352443361143644462263154512466465412134326222321153142242515531243352224322445224253244315415453213143451523562553265265444534324364632333266134515652665251124553555446261513611354345531353623156165554323446414466326651656632311321565465542216314242326362333654231256454215612316361356234453663124216314545
2446334662122631442532264152431216124256253365245544634662151323421646455253566235426122542423623155355222235435262164662161361546632626433144254452552154424332324156456642415554224463243153325252513415224326522451446634155362332641554665632145425661331143424213621665124422625411532341423425552362363436226534223332424413331614125165122256641363211345112253562332124362561133662664442143565543325233
4616335514413561626522614654454235134323125545113546165412316353161415121316253445215163365463126511462345143553565312466425644143413662614314413525562343262325514263444462331543441416262155535343121633542614112411224564463143642515313122652251634564165612315124254322364364432162452536615161242515414554624135324242463325632515241341151132566363344362145145534253344513656564314412533342331531326413
2645532624661146143462166332316253336636226316665235164146411111113122353163255216555355361556525646312415632422645645154453134252354563466161242534626436542451466536663554344116311635554215114414564366564154115126615145123251631226621655456164131112446231132122266541126234651413354652242634462462311526114455552165415532534163644331216616563316532523524131534314551261151654314463662133315214342311
2442551532161215234464316162564164616135125524542541462221355612423453456363464555652416623512465343514455633245634316323312231654413531255355365343324325646133424421634445563114544556261236423264565446656334342433461566313365122221221461336236124516626161522225612424263556112135363341655662222333135546556214266255262243521565216463652361612425262366562543651133625513462645415655431324663251251544
6612533466321444153312643213354262363241323515351121654421644334216126554355666243351635355446333462443131355526144163334462414426326316322353452314413234341313546313256424334435152351453542311426666144513132315141462362432315124625244313613256644136254234252616461332352335645355166661246533513623436242321266353222521552133443215352524151414512515251462451114566311314255644125521534624142461465534
2446664333454326133163644354435362162655343143352455312252616513554121326255261561615615262634164511652445624363521456442242352435154325252421215541163326326266552126133415541626151454534212614661443412146546455111243132444351442335213624341356444526463334242465546556146662511443143231455411453446421436262536412122212231143261333566135146523133513613443511553441412313545161344515624545322435323323
3114124516364133623525632531553566541556551351161531633621145661554226131452334553656363661323422244324665554313445563522645465326141661116221466316161456612324432531466134134644563146245546126445435443256661546116153244333231144564226216164521354121561564441366356135214351424616433152625254354644411451311455153164122334352452451363653635645146553455153462135661551416256344516335656263126243662543
4264444166636552534253616542123544651224241112412324343423165662345334156144413131366111134551635123135546433535544516126136166442225146636336413511646153466544255344322464162452435516435263363364142265612265562234641263236663131654664226542343324655415551644632466413353361352211213263633316551126124613325556131531414434356124432413422256154456122632125416665122534266641266551352625444536256551635
1654631223433411331121532625611532416451422251632346255635435326526144351454564216135133654613555446344321331113662564224211644411644125114533546522636354123226244632216343332642236352453365125322313332515616442262546156442132512534155416662563245516426143523515455653442133543433431166355566642362141151531325224546656252311351551434161231254134436513215142625131461342636423435511566542223556553452
2244116645164156611224313146661313341535321522555532343533522441651211442552215336243112362263544514223444124654446345534446412353113523352134223345655525254564412324324355564563454333354365636522325125245122665646262524361261456245266366243354623141426411211245211242556235331436111343536623424262446651641214234422265354341643365433136561364452562443451635344534313524226424126333143416131112153632
2453442626526131661142623223312356142652563154263124424413354622151133162151644266434641163252433562235344612433456422516645416266116222141125535243453314121363543562521663426613643652514224264254334461651511462416232454654153553545644624112524543513264424415316254425421156436151263452451344636424625413532111154644116113124516415253365545626645442655364463522656563644133132462353642616631421541635
6155223354555534161253113662414331146461342246134562441331325114512131634124652144466325615562131161223412551141151462414252456515566112144243353641225131365664236551416466624456163544421563535514654536124155652365336445516415411261254543166244451461556523414625526444443634415425324142662335325355144146511544421512351435225352445441465515412164116422625115561411146413331111355131244135134161353344
4441355345235633461132222436521162413533555436564666564521635336355565666442314663434654143434421156462563544415621622566536242153223114123461154231454113563633534536613544251445225135652525145111523466316552441234151641556655433541346156213614654532534144464364565256413435244442461662531144632355352325153653432524652464645462452612522423216663321565351214515234344445625235516432625251625624542161
2422321555251422152332355133152214522145222316564462325615351424265231162621253664315462553215111624443144266634542116124313614363515254651352464242361151213314465164242332456154236122253112611431464616331224455514512141344165244222612116436465562132621111252123444643613316422622621512224611554132132156431325421343345256253214445146523331362342426352412416421441165564121235425534122514356311135224
6616145153433562656116152262354122261636666462263212461561651541244664153155355334524125241566515264333143532236213524644135423644613225126422314163431225323142141311155421211534166524115643641635321531136324646352551224243556635351366313621663455535551231351213664335463134341163512333434143516624143424243641323645435311221266444263256665264444264414246362654436355231533435545146121524116541115563
2415246653356666244523266465325366523126542222526232642415344353253246542153164125546535613363653135366236551411625154241522445626512443661355346214525565126654112461345553236655552115243324363466512661653551236621313112656416115415322464464562166534433621141415356411631514415445413151533462111543432312211312432515534215641245351524562134226252531563331516261363441141424224525654551664643446242435
4525155124544655615656543423615616313456112465353531555151332254465421126561346113151544511523252234425666144342615355561312631422415154611312645164513155364553225314445362432451245411362344364432362231321561123525216322165554121514411222126265163566252132566411452315236422624465141412432243464254634636516654432615623424435265432122566242512354542535122142531511512353462641125211132311626366525335
1422322445564513561221613446446424626333166636222465155615635145466431622314653125453342331632465343611315623511615223432465522222523454135165332565233244612355626441543515266544346564633141563314361255262512513136411552645565355631665244344514312323443326434655635445125262442264133411256116553656262453315122344324643635562462453451323335136166423545561555153256411322165115225366512112662213361342
5533415653221412624533155346541266655661322166651344346331216322266244363245164563212441161563135366563514456426666541133653342554326166356141444216564364542315554466161633233245614422436535534413124412461126242562634523616315366432642352146322623136353636316154215664161666464125365165532252334312461521454463221635252145334335432345143461263561625536546544661621412546316615141122665254316135132466
5315131246521126252633234253354361656431661413561165532151221524315646653541336134515654143652242145124236336251115544655352241511461445153316514254436124362532114154113513452531221146264345324451215335614531546521521615322641226264126561254646523322245665613421434121346626642661624425213411543434164554425221143132416653552312616243131466656111566114124455114166265334215433212223424613151512615126
3164135425632355324564366436622354355124364536633362245243266534562231533624263544136344564642435463634114362661536342541562251563456133456535125614666356142112652636661134423652133453664314665241135415666624344356161315243515563221161113124522335353554256536245645166622114524613534313315612444451133464261515232233351562113556145432635666363331343253323253535324453131446526243141462124441646423523
6646564564555634653161556612241334561333431643442646564422264651625126544456466613516441425331414262532162535566224542411423216252536553546623444364455346151114325351242361416464564141252614335611231161124316364251332663245236514411434145565344246211321364625223221331533145523213213115211512215636452416166163431365543613412142361442354645624634164136645625342645352212644626522233216634353435233433
1222411242333462325212526126543656452533546254561556424621416153446221243151521513511211513133214443246566346532155364265261154321446261533246426461652162653613351566164245316633153151512366156526111452232364266261451621444465453123111423161311511364554426111522654656165151322421341415526215421655416612432526532223416525153345451232654441566624255564412366312111114261313133336423516166441635156142
2336533665643365612445635153155666323461356644412554222561625644355644165626322431516415126552125623213432563663656133423441216366362413553512344262512621321446625214456264116533354143662626433322462311515355162235353124665644146442551632145342261414151145534132412615454324353635142361552566626434261464261413512664643644431261656465663646441514322663631444631351316125364465615265165554624242141544
3441621412134423262125112413632251652455522564562556661546224362221343233366562256622353341123536115321112525615126262215312632456316232646111424355411126343644414516165145453262524534353536416631156112645452535445242422511464232131153442242223125164145532246166341662323513343442263646151635154516422533344315316443125414462212434435341556135554435511463255442431615454336161634641344446632666664621
3466154535535442113124635241323314555656631216412342124616655416233456263234624462452353122636134542124456244566364244655334125444154531362544156143535633452453131222161442136151166236331522551613646566216154156645122563463361536142453631552561555454346522262514636254353122453244232442223532231425123426223634322115514555425336363342131651143531514222254113465342325132314441464413625325631211632122
1313145444645126466226415445251644653651665233222312311214326515243464122163131132662123645151321246525434223544233536524321626635156541661423411412512416223145515651454514415252423452234566131642222632456325245165212543515555525444612664211264464345341361641611535131245363226151453542534311232326121662131516542465645253615431462465242323412453616251131141143411444323152454524254533121346322564656
4134341313254621332114422345166412361331451422543133313124552526443242635136125313466135644642356664644335414265641252435533426512543652312112315633631516656626553463426651156323423313363623252651652234341466345231156331265431642425266244563226542653412165344253234361254545224461415625563122361652523641644231456126554444444242244526121544146312533265313123153316265426255154512653326551624353342442
5122425232143644636441253566611566415535622161442163423212452114365252223156621641611165542346463546355532643535342532562554144414216646144363263233524655426535324152244264521632211635543333255524321221553553145535244122433316453435633123332235332635214425341221363531546326245266616561236114355634525243656634436533612532556254261436411631665113515336241621545364545431223561351362342552111166325213
3334662515625424422416561265345632441155333363554662314221445262164556651533113362264234314243316415126426616221553421122215166425642654434632562361354645431255523265363411156251162464612152152531643651346261421561516354313566411645651466556456212436621262626425161236224632256336422521363413541345152343546245243254246662551334532362234166111351533666641664342623253333353231461412332143313313232446
1122244631664521651135232221621461664122321664643625352133254245123635514235232235122116346113463644226431656126635446313664414616651113552345445254512116232335635434352261543542522343556543116211664331662331156163511361155245112516135114542512362262135556653144363531665336261134643653655645166121231266155334212531245144263463644665645335563342534213664122121341446321615626153121333214542331152462
4641435663246352143214451653231326656656524266242131642254456114525461166613352345145551144264262251435555232454144631515623544315532436434126611442443356324164452313416343554611213331211554665141434324662315416444526531453625612464532122325462112533443646433544122125122445565223611152155225126661413335531335214236123436215665161325356435341525515426223155446646411234614353141452441115362642646124
5126216154346525341314636453516544161615516464242666524226545133253141423343233551131342646644533241452664153636265413155553364645651344532242613122156426563313453531232364514322653623445541246331552215643355431445244222231215364335254625234513266621552333523422626366161132133546616161132362151236413352141443154622462643656535516145443131654663262651361116161332455422532515656236342226433514534261
5156535253645241512212353344345544122662163256162565535335125656533433153456155136263631332426354163316521331614616453612252456562161241125316243162351213161566353333325526563566364416143512425255351255454414133425154325664625615361156113663564641146224226154414255343452164614112342113454253354653613662123155235535365343134323152133436556635462161532236524366623635413616246255131542244466565331466
1616123164462524655116213146423152455622365425232122242546142421642645362531136233466111626525252412515211231213513153663156462652453632132362314316613234253552241516452245131131616246551142164435554564111454151224564546536343515643621364212236643222165112416521426341514634265555251663534566244214546415664146224455145562111354633225346223536111653622533533251653645264511333665654421542411324444623
6322516216632464262534316231154441336162653315562542153226524342564345544211421626515662622333423622455611235426163351623146316533115326211552335663663364653553224545251555434652161666112364364643146632343434145455643232254161154462643635561615355414645542213616546556242435423545222353463344523662556133551536535312251456343324143611262641654416221356632413631221153421344442445642336421655424251332
2333256554235346443111155463616554151144454311642133644541324255455654123564264536334532224164432654353333662354115422565152633141425624522346632314132136515665443564512551264225123552561355262331544512342313243352346215511524351132641541621341656353645421662112115661312631542146434145555564113222562315523341666525642534534651415262611513131541311162615654546236336565123251331326216123161664332366
4143526346354666251464215115644622235255534666131236662451314463553341165542531644541146353213655655345611634322212132425322463242444154325516645524111253344566663414624555534223221131215166361514313611161325156434144521122316133162453242446355556641542333121636464564346523525145133351123232561646534663336666352254131341541152143333232224151453316526413144342634424565536124151415454115336132414511
4451456212253566512421325233525212354656143444511565163655463615466135655614616155336463132416516445146634465465324455334635212456543555423511515265416213235356155543142512426163156336243462345515664134251445215516233265216536432545265336466463654355656434523223551565154166341326165425612453211365216221512565255125655614224461556514314165314144633233621542613316431254321552416555542146466233555114