43663569555161478925958275737371457546257626374261579231387877253775777635795528
27614267158594647448331261651265637882666458585575334756929574349152393454362935
13132934412639118874882539483679864498248564253225624786163546915862493275112146
33892256741918625855317414519947994824793845567737853597889997173916856912132259
93877261461968333436645343272528631153543376916323115559782924146278685782158265
86599922921593694731577997333242468879233981579831261464773711172815135884327784
95991632667526233312992592193528615247612685116357423821944413549615124554278391
12952534331635878377334367556655757893458342956541134435221864394583917117881415
34543479644551731651337525798363319637963877413754395643293851487462159581223464
63711989733371853669234435698664687621766418687683187345924584312749564937439425
63361574374486713195788344325474911494245666323172142521533429957742729331138626
96376816713175177348568493228264515784641944524938828688938388457434141476263971
39378495715583621865927543159927165676425229827829421872962882218736666855527493
68734563385185543672844813159367466575292523776141873213916239274671676374541459
31111318872297896868747558922312113122219961826122467594112654695616792433534659
48236465794556896261845153631329985975484252195568992342985797732542173287729464
22623666777679573514888119488536344578154929966626755771814559584915838626151262
43454646539285569831497386742935683475433959718126284394386697716145356851492859
51675486873279962639136483534788326484134367527882674286798584697494686597138894
99932136828148256143534617788667879271212753368875443128197321152252418519823723
44985149577361917974347462594218966194469933545687773123179887883834814412782848
69616364715715732591775673138936514189837363939362746799614686657253552399584793
94781746559427139126653244234411662848987761113676139333621131612411691521561998
28655766837137393823117215562391919767876646216467564569347894759289562872914776
33376791573777617547143386135825189984569166317823789788315341323496873534668489
51695588197528394651561914828126631644424756275469663997268538777291919939778451
84616767749768649354944953719113813824991182494447576891836651297155435999583776
23799235654699922666131831797194992639598596932933239235284518235241896499186141
15215557848961424263635896967542185699545353135329425225317317542262376168961688
27986927335763162623857674387591476891987225624668874637877678575959227639273468
37982496734857843556787742768533836322734537853919245531229956816861114168516393
36442539729556241882157985144469726312653916713158869532642659628498326514697964
77475445533182789462136128895658288482474232731368364924246418371167494931144699
98562477225243829714325175434498499382833474774751195573274949666613298821539577
93233643948248979926116622596575956349375321829821527228441647535232123313836756
35564864359337145337981834745429263656658439283778772649832671392573151234577323
69146282257754612944224845577669887159141482626318147692798674337252312762519823
94996249749461415916124852965221171675998649537955889443474169542935514739765795
67199715928426422227531928947275836573711316646968795465536878259225758335752449
14611869944583843982923684454321525883923583113853611249437187897646242917744946
16474258522998861917535345496175583385434842513439896172234717315658319564299266
75473355346188652285496157967326248336923228534687541854112971689932981668976269
44179414796289617839679728553916296125635712251797555231428992249796521734596448
71751485754868886999592871888793683611795152894515284539999949351169212864343363
33197986194382594661743319465146158421612389359371597816298344189387658779444161
61438579375156886455465761718592858656542276375611787684314776325633495112689529
19111554437261672911227299582556246143792126265248765618471187258413666829759954
54955745739354894376729765557242575361372162962624973299823359959921227769488548
46283692755541326785861253769471963734313177749847148828695426588769116362339381
59115543243355325439831127124957251466382996192129269896536616542245658192284428
46553623636346836335321838529128826747118326358875663491616542412797128787675411
63421412532691197969513919661196332691936637112516342452717245852183798639497489
41324258326936628929742178799655932881835153829486778674344391898213526274578835
52972186486912274851347121315536299712368512444458628276181489969586439514335944
13521392661467834289919775878255369861611899342789538411532282344627897371314797
18833767856792682988282715837223859761313777831859463882751549539616692677578321
14899281994367758169242847712125226362441294889262254491168365152568576323134773
11398365773482185735945321678136178521385195552776987945152989674619323753265469
84794297177972936653284991279466487142299826863827635711364366282918939395377177
93324997161451599489781634266123211287668514238759117297893377673723367925156114
43272177711853851586961153153737627977886985272388773753766955165129623731586249
22634841554951782494315132195217859388491578465765873478481751518136214331618236
18454477375764674639982586435196264332788356937485775544137622839371891853483755
92469886127435189963895776115789723676525483893979673479477498664654225354576375
56488567654619669289665423142313537128896346475715111372951678551689583582779542
47948453171977982233459532144712375198259537629577343911185173944282252812613536
77346763744835339314526135141387459578214931165988195869948484768442433224853787
66677194467434252668486744818561771376763555625955984613574441632974792491311673
75665898331795547838125527361432567476942386644365173724122435891711252858296853
92777914322849178979583816569339764957666348168913853336494472922134777815154373
52661758297558321695579951562837978661829118871556651474965199518525339391656286
29372626191271369475635426269411835286629589555149692893272669858254243233336991
64163297355453336159915918856382597714328267728424995572765915325452991722727839
19634467364325416344781861631476452847427834479314455386729666497623685679628298
23781929621578634949232396924587232354855948471561678147516496795739115232751434
95841433321581568478695497446716528537954913297715628494483366998138392889719391
29145611481483751199238717666892758693659658542766392434787452613471198245153892
24566378941728295376343199645994462368726871386428517581727762712194899898556266
33315663764816619135769634779347357883874143121819279933782444265288418974132843
15711715883141669417883743881945291318856262225254383379349246292518717416784694
97359358251331827141424141697793913472251681928632125936219528337136293171224583
65526659319779378393997316337369165851929179128486143136445758463615921373766657
65541538128586115253697782556782415696822753258423383482841752366811597629228597
36466798449454918749224894632272996293727577614149197428576765275324458513963419
33679517463244346649319913644438291428737553118214164871997321817262992581218262
55253624978149787873576948115993979882123253146485267374618139995146791436296323
67618822214653432181253964948923164535199324857894585199516369762844491569596241
63415459177363285429285837481168318333236272715688832336251778131414832513689135
24542911732376252452572669931467196966462642164272293374419473632176316841964286
79436411525194163416778744695593495647935156588182585574857776147521231561119763
33162645759696865912959414533176356676726191742151178176287919627971397318476653
61715392794124428317868139646869467386728746867636297881241968557969988294187157
48684685344857991323815588688486892185234457593883979429868528215462587786213364
12579393746879565113233769666233148141132833141612237697556496762592989296323423
33565549215976232834515427329654629724324896725465536248534221157367983567568635
18736234592212457246479453476147637274571351855844972397342887671425691945341785
29533225269454214825726854989491826272977795567797716859423457271991179173982773
48687551327127535338542813722987981839423412927693863779516681234225288918873475
74182455943245653361765213199262245219211547748111588617243238612576326316243657
92583964723378511782418636665555212745424283795936953231635812617513521158293226
58214515342445528839168777661545472644217692749913762651652949898668587192355479
58526198766437853919513413791133393755222511125265335713593839953922555491643271
41381724466815147165223785131554871387771322126757315424793696315868745917823455
21386289428529538535293238155835339782461829651599882587871557997184391176359856
34559387569913264187528297369175838832472773494394613319875275496968217625227185
33864283285226834449354926522856711947926135537172183561114984135979254752226792
42586459762681883425223842549888641427285918396726329193938347536128215858874564
52222388217966574155242923265884299666111984911337785821393577132268119495669787
74146924449973452551939546182556941939269245463182758529968438635636536587398633
72253327561288985642927329734149424927256352536754628998411284266472974794969683
15297197112481685782914557675626551467999517781145741312588884442323452588281661
75253789426984366134737499285876568745746731676562478716616644385173377937886466
85845327376511378582693312962217517419768299754612173898621998267882334931999294
32469569427665417952822378167858443591654921542863663533184157484285591823534189
67635446769446751268874754168562783176912743924999747958825555153228836292352571
11374917999344895244637511584115934695125319527828648536137218617235848658444684
28727662312759334157267531765555847577523737533179853479773711452742974183877341
62436915722169964448335153738188696917971929424398666417129745762688143312823584
37641295717711813493926613384582597491251943175712661968611135819899122949926786
17923264927557168191174244372727654228323931667435429925735737377116577638494418
53475385349621662216354931247177912995446177796828553162423652285333766498738328
11457427133796392967342181967923516797633318961116814696829744563899375384629612
96186729537987588151626239865673224183666223644456823818772522118687939363515847
34623789912312784679226679833393342192325923579376923354795262753469736723284274
33254961932544859372959985995795698491659665725361282888192893184387824911762999
78558363634344325737312614822855294145539958618132382623373577295453123465474714
51471867119482386186369241673499513975651738613916557284156112488964185683442943
42942668553214913212965616926154945157691558641386911359661965338989445867411596
63761352996737689236418566155193279434733555437428421635138922357269269767597149
59593249917345826646881852146154341243644816122751762469856776817489835524892844
43555619652851539581197946225542221681899314496373512553254948159779125947253382
22749869385477738946137534882578685646148837111139781556855962942837227565911614
31376731754642447145917814658894721514343215839773473984724246961884966534669757
42575667485587648573898988483888386761768761751843332532324755195661244557932692
95263684395827973125224594615616281674349357453941739789787854626459917618219359
43855114297128113569517167784973553792863334777161528636381427996778166276598489
52475557719223265695767696577478758775275886393536195287357651266653318744897417
72715939427235942636967371222189962156258288674569197537335264719385367441884925
82447114141774745485659368874469555316811127126422835785942975979873286184652821
65817589844642969362556636321998556218533733381354138213386652467732593438844456
91264453787615428727274468537445456134583544367948794566469924522593485966651127
99166712933826235478346487274683246117575711673969435979441442336654989491121446
42396639643897368356194131592959577297486673993246562633131778765362985468242643
61323152352945216483746649545935337338131199524951558747671372886819899837482662
84978139165324388246451999628774111189438917258115473363656181119881181693455912
16376847175446842879284489296415828416673664236516834167338777387361157964118342
62657527576478744927268324583121416664814149175625128739968657154655571836696392
31312911343364753274914595864544718283493932773371413462753426796521562829885615
38487232655869126829553196157748281466987518846257634865582172291422241563931255
93824948386813385333455563766873423668242942448169257557875996783518357843218549
17974444974597438862561568495677283364951717135932449964566673997163989971813139
84969345493678887424846388362525797857777776428145316524625473786157636465574787
54611788271449338575829141331588997916515552552537148716477119613221733743654211
16352571112694121257523859622424327383882927778581143553493775517967636167878187
21772425889144815651198363518419744316674789931883564897951989398575446431156232
32642176347997686842661136112654861969929956735979437951261347746117243639493357
36715533241148855362292289671518498274686487618328752968116396713367553162769339
76489756969217165972162546448694662258897854325885145937434925428381169155572337
25768123413714241756135474992761187678288717825249147397779933716274624626116715
39274337791752991769292198851926287425474492472616777211799843926132441199995161
11449586781328882374241791441193256971933511963817251435474848281218562814668833
24353422769449723195387142924459817924923958146741496467187965495579179293534265
41973722767776844891899983588244362491368632256497172244276914618121548871754215
63636228632293488126544253434627815839496711871512616361192221412754837832398414
51339479261971798454234375523441474981891769213775482751296835929146871657779971
22429641746224864659438574381299366135652131765545396893385957917788542324266684
19624953448322455574423627143785171366739892451159199538115119297118671745188871
82282266822641938475421967718297781761636531199679329297234839393487442595895887
79149286254856331322445284864269133856583531758117565536927939932665854261582614
58649362138353648613559746796865694279952242357463624883216391124321527124462146
32124411193162463652997455633719596679981731551819493555451222112464768536733123
64716746336893458745212834181876688133676438764437178957864857325741428539725898
88848221945298748554431979457344444429349255328132726597119483654589553342933986
91178936646624957676557748838241414943689143844773829779482938695565676481976838
64275858875978656472722647569339243484122737754965975787484475428153984518847814
23756525487694463693366928844161349516232576337889246672466322278464745656845876
35834313463947739631674682875534333127762361683239357452665279965394999124158897
58113832832549223194934773194196567947354427793731164272933779559536448228237293
52495584879564956528168973663893724735449611827121175653147933351167355542785988
69951157994772617158246568714872549127299198915821332761131611732938541576972159
63369667641264139842498281112955388698911235272785741251617536582111411334598232
86515634966656813324127376712192215654994789258463666612615398138936718415669938
88648484723879386126262722159173555138444739428886972474226157574182419535839885
23442651124226622867662175543698469469365942235685338711733128219684342157547149
83685557413749497389229817456869222848495699237427999443667596436323484778135677
25859519746833275437514836344112436745628421442697363318726758611711159697769163
34548965338518556624642398199948332278756199151921448869512789868914269625423597
48773631361852491265211588549737341579717374818178591643616363213436799218474244
17247344485776977431856743322989977311352927861149837361819459665121896644494422
37431729896963376217214653484129688352161851311477248178354957228116337438958922
42575327712973237513858184351417486467633177733332417939196788994856134884141693
46974257132363529991342939929811653771238377281814849188452937724972698161849685
56978424697587326414867649815598119132174157771613254649788531899947691557678655
44349918324397154535737423445695152474529884551343414196625995813755136839225627
16891378259333776622326264819579547821624759254757215447821811828688493126682169
25683191153476141742545415974512132224515531958276559574723535787864684812494174
78345646354173636342281665152433582865723395964412923611877231227848888684239566
55987968534486167426216892456461462149629876252276478195486283158148154918883869
57473734488239429815122835469773559719227831273159584349267588293658411659996156
99854368348794754915944452936112513497696585665247197161649655335612953839369659
26587417235947412889596432899376818993124979484536121324211895874496954851168877
75971219958228184667982631673426329529755192826265252818459818186156738153187528
78154579748855981556669389874282835779789397269262126598981743877638124281495928
63229841949771164592827465782729463179353852275953581143632387389479391288672822
15255849962461219686584245486952953581793936488164897941262918753581585298679362
48397394454634968741653387237137253369517496322735825123977134511873919685518732
98116456242534398157543988368134132766833918137538289294355436535785139175129633
48822359399981188484883813352463832367138977133348933229645681943289194284497658
97734599833515499788619191957152564443333259596527619336427133718715561728519662
41134157571116431439682584533636451433824751742784356123367459924725492853494187
63164385835416286125693546994426433635288236533669758417968499256625521414325463
59348636159928414797948713222845358582336913549657653423995897129333846926566779
44495615612484667611381413163553965974612958885782283528547751178912185917276112
13662832584975983616869212425439832998178171239273417465172687243614764647131481
98822535154977442777574346422851719482167676891821261931628472743176158119996469
67491529494563777577647317664724838191747887294725554839272919668915486584786558
79749173646324922362972238847419972893138663719838275594731328769751575818169634
58773758472739341253975996864547688731533534768254547662953186187119984853239339
93243786154164838283878788839218117221826959456925837432643278433893652128547372
15123234459611891372644827712123247864998896642265937616468362737124565747223628
72282662647396565532285646162428329446676329513535763523355625256989537698231362
41393841173985471496436677445733734393229385926226933654453754337186742132481654
95986791826385489168346832499787575746852229219824342719868443741512273146121596
61134831179758281896957977984776886195916571769395344911119831817755889216864351
97458576459221646918866329175598913512139852497857165594923473257436176838757971
67192384968516774677723369241125969994136285964178514863778548587826862944643431
56956489476787931549619219356146126427433978427794268563685674555853951591737727
72158724532997951844187221599825893585484216816452987748935532144825887889326582
76769867234483763113977469149617985363385467646423449867538687454388236143319617
38165777577563357294793196817619761812644388752287194881193117258482628258349992
64662261821369461886185349338945977282299144422166275585695921927796873426324269
13577695422765885413639353218259539157268182633464143389618928536595362216979341
92552867734736732946368177676271891159197197253238384936333112161198232647271688
45978925763583656499265981447144861196248882317532333813521238943462692929192195
11198635924397972225756753986894248493352771425465235488658291793235798235819648
41669293474913974664731897288975766789568446948618514823578318795322248761545117
62768349718585752395374863919838521176797787293579344397418769895816523291399861
13323838183828284652922129247789671399922491553653723314857249221878127343289488
55245372782138815293111275311182159158613278697572342916321982934913916454869762
87322947378951719825653769373364575611675596351711373466597579882813722839234612
76217581511374845155638778832871766843368877877564229395712939534633784481845569
13731544477732337378311875528257225746953411886467589547291356295185663797245176
16391772361946181785226245448234517144935617843824768374197433166434523791261735
47291759622375355294728768339215878683667474314239379977389789249595234886979627
59534977913345419523772384824323928268778267635479621579777551516533369451715219
76791878718933456437513895452888683855491227321586438681675411341855421997655463
21172884887756529314619117214322284898369795925726724677781751128652463729666572
94187659137456773886286552344791123813469368488198871799844993211182585238244878
95468761843428743355566234586652986823367777791913538793923517311133491152866836
19865625126968667479624825778572752414556538491186842446179494474816332549613459
51177982926541739947747782935557743717756721338783977842236816224887526464979363
16894782955838194487782544544529936132551429423932224673579789588558916916426128
31526459614656766986438945723717651829712625341394425359132674255622716825344379
79131398716798966399118797374974163674237937199256651684675458864351513352923931
33795654337288248669621898531354878772678972239497459847926118649217336738763695
67892116367785831659491834288653122916276363226185132853258595331297397529464591
14372829275599269729679639559592857818589735187912446366294761254751615545974925
12421364332642445225489887622175359178222194519194751463286735745261724171183227
83877787964468135325989365699216675993843553557754761479758311642416116516156915
42762822261674898369279116359684822544629853633496277468298667568225254192583446
87995253919196155319176672376666554587645623488117863295773313635215773865965236
45911336588343982359645532488194335561455347888195686552365388487955723261977524
82897332499824939421817512711617854632957958581685593818819617767474315553682661
42782832318421461343356838586819214139613744451395523718356973171752531513937943
12551474381476827491477131569451281751656581475156113852166575346293789481257332
28176164467368776383666294233781189995446813755357222653873234178772629951192357
68691225882172982534735211666493321463238949759748559525444565512821894732939536
49589786144787223625417666148359881476582986475736664152267836182433944831446681
25534998399662359476222829493383377738814894591646877685962676557444224552195175
12128698453933356881859472551653423645324979841612679358982593555893457164672473
32298756419947834692248951773766787572146661511964864635433363194857973231762862
29925948542418971758593322323994979821882454554532177564148996813333768969517338
12516448464719143693621389922916724236749649584892314196714641947789568618257663
96938954186189497966596423713625889297214165851378839442857238278174368138115237
31966725967121221547871858224546269864393471748719569631494262493574369415744231
56367639222257537594192569245573225856915538956421869261667768686845441189767348
16951683377318668843379957925815184997238876336666119776228838616163638733831989
91179596979753224662568946656964135575421411152652823769764821312695961695225378
85285591982266425885728494515198928711371527477587612515643699877645234331865757
22356714553322859632379119661456712819642267631181892845221177623952279519945848
47256168144692615777841266482944517887277936843728347182225488916597273336863839
39221444791798279171491348478225327866431835276349492788719218467254461497414478
35211359731192479934349124287414176357744716878924256294448872667638411795268436
43895774636455545157493639774919627757968747359557986553287925639924731625663581
43995445462411444147183292599639436289452191219252371636771368344854443156528632
65338667464241339246131148887882382171384915654242523196633554379252794326598215
62888653154115129252616964473611367735961728358227648352876649962744189923642191
11979691275417435427768236298957648736868772118272397449236381629149635862286164
58874298629295734341669655131218878265232659663847527163125663453422782239618343
95687626968241385557322961894651161755647241786189793786261956198588122677949291
79612329642754529515596756852826847858295282861291224429338828678892879519319592
86926573512942481966375341967395223276171169368678271451537499463939489687921499
96828793327999673712368274541211385671679877361258455164495437169684157559982345
25363756122277315877772674924746291797888195752146424258394363297475193974435325
95877314539716419849148821577658134393152941981641569178215371633932919748582495
57178532656684184869674437821645126958162833322769271636673698959239414732423993
83312644373173136651244955251745134782724262935874857546256462687526624754459146
98383725611823457265352229324133282399178785948156113326154153891685195336138233
65944492928551358474268971918373111897495875473877422583713635681126947842315991
89757497672473849996746163111895692678975121115425878555898642993934621152826232
52635235665266131823623482453456269831429358128367685241878676464277419648528266
77549713859279217888336314465747829533274852874364662448498837413848751151823535
65478321488756723533854951913928515241257772642165347487983838563481417931619356
14456996492439927543212776585454455677419532149625631444488356694892627381298658
34676245185637276545324299619581228885714212971118142822582883781752667942278319
33363926771838396868252185167642298361216977698349848999473581224595299176546653
84237445281483636481282266658263233582542718111454958746754171476366798644634762
16245577653992652884423459757938244638347153742317666236633258679496868965672361
48784212897626813781814967184216664699729792864562686613977539619627297583633919
35828978756447431643452883339331552933949625189177982898669835226178865562999414
24424617948494746941279551592513921643886417783491591553847428575144434254897996
79447269381793249122629782976495397177638617146684611796117551663272348644648959
84418761828873785469516382844674959175618515373428774361946284468715871313985233
58464759793798298969185216647335873828896771489831179378927242228142144754793688
45295399792948936274465235116713262645414358244342757145325871844366432913867272
63281562244252558419878853286131129523176475929649618734773495187542332967719746
68926535183584827268337824297925231979176868523923384388293934389112634379816481
67981985986736236574822797449931926862554788997573339143224273852394226392968582
79341891362778932862831165123118739219328165915132586766682796884891426615497381
49821692422916541286721943412474227197914774925181644274325966122528118773216263
99152559552266338857314661248448583369382712624288287365378927291583434542977548
74637778965571411325735382955526254385427966963899459846916519297957767129584621
78286282397598765463464287494873782626555296657499321137526417796563261967428833
26215594864131863565871412928783613797965688147213934141529925956998373166456963
88218929831692788381162283464139297996175891467155156521887128122264782987783744
65711358277779313683847267548814264326289591974442811763572835492976653756643785
73944953859428959542496521667473783295296224567481934239481623149473641931699446
98484365365383112366638369446658381212928342698828116472336551774355133878564919
71362177873646617652792893247952474453824124587662761639266772116852838679672228
49229585958745671989921399933184579397691686711635157758423238862786669221934396
47682396958196249679744666344468338418414539318743942469916285144374111837381843
79339143331543837216984442527993431187816891659824511721942854381465389498259357
89427665859944871787498281646694515793894159891623545936383853986465593656626768
46267446346931531185673712852888116793838596392485996196966212874886595222626714
13847176166991685382871696561914189627348635995667552492761124968992522776794221
23629178299231535577917956969552731588689775519144436375722498643445958895483885
42149476268824948891857191299828493786115989469133868388749573382124554477763678
95389768355511227489948285886837775264452442963164634638638237115311948463353565
96958441795146374842755569864586768631179847225511946997291291653911561225866725
73638722151192353345459128359575375824714676186355464993981497311899411833831363
89291674628352759364126258955741815228228239557919264683425573172847215655995616
34444961595882141662956859381938743695778525217557586242142845316588564171631352
42472222823761466131844533489571181383722687179966349924622119128836393859979567
87813766545118263426983996611816946617934654926839518226751246314565653376916124
46823876686446894259861653875325964488315715766196426512264748658697636434544462
76433946475685882916953334618423182312839374241569495527567987819276161825325556
46512157532652264468756171733889359634916719912324473881344479918729925451589642
17966281765273736949457318968129521371769395594261555422481875615633913598742438
27448534634177179995897638593762685299654688946837254752525934247257729598683162
93112149412819923499816661158244616332611993175778589412426131497512579316625148
38231349596983854471934443181219333487842188896634914369471768288432587476158616
64285146847138913712445882617866565384682612922236592433715623129237175579832697
27835489268595695981866711885849252823642575849629816122952318695418711176237731
17135843238267741721626846994899991295363397963675155695258427593351271577476531
63992253591485734286914868714586861316636124229851942742316955976821376857822184
62751671628512549835429556378767785648395282146397991251269854315524616968352465
33527872886599566467473753934446311877177461787765421222776931164732244471677292
41424496191261886657481658744596139333657476349428262653244833714744959118199415
27399426814778572999933953486191895579131164397413652142759655614677612476358359
46246643199864655874872593942889799157136934486583669253786877973412436823859874
38386942274714947661174263651222897236295774268298167911547373441151487723385536
32671666769341223673784991119155713639537655318741728863823368954768819923787911
91374937724545158188356442244514726999378841727162525312969861934752921123852389
72888655167541952598974287244951683856658598269267187528754327683378617961182628
43318315689268883895839916778471923892574461174861494434238639821638483735494946
18261197225716663756996859756176243728598934349851764521413664912346721516499866
59155524514647265696311416788735378595315839658214473532363772458846231188855555
93121366251677294271644172218621194633789921165363588658247688154191247137926179
69636944134735643528637813511232775623282544443659777875294952215534759329473532
85933414555457877341769884993889368781483517626513753314715543328473142655735127
15891541119843396428726593584481471125145135346533817267598121816237882265176525
58914419564681756516256654594379478872573764644346266765314299553469668446615767
91888398672351514649865983924174323979391416995947937397348214891168796238988739
11343822535673179172445888985969671449133211163955925448693195287684649652796555
15446318988942175248525242145413943511426148841931345572984552194656428929571646
67218786233426773768275227569439924114487855922712248456412163858651574995932945
89967824788117928175281892424942652255641489462215565477511345342499135635518173
79219749332861797299932551467737822485126356782763888886118222446452615545879783
72773556554345617744463799531528912793525659714578529688253727814392189862415551
62471158449969917457123164338632877387288416289141979152744663123633575974432122
43564864512981615428389959418537375238694656853951392592729389797576585699768497
82615245977847975693115146347427369976627355696694973716331756121799573676231981
69112223181119858696765734292246966116347175824392262244911491655986326473816319
47696232719441836627631689138795411695991814549364582472622257373448152457933762
37762897534326966562433154529891917246555632721147968426136887766194137791425746
41364857759886746642422586813274365942626633378448765525514659724595772419212885
19279545612382979273123373256397715777534161442691822345773274323187154416253859
64626476714267859865822292846152221758445894144857383769343652837869227374469255
89566969586879531268813686511638736876247923888274771161432571178578542612836567
88688916271713717886926632953623981895982233921445467921632849443788861653759969
93277276155112296289535913433962341587552656518651468133127728126131699442727558
14433799134217877735551865566729496345857342329644976246388877671586861815992593
73473463217466264961868286472263863644993323491337723981688289971998394341162531
74764287711552128766783975214652571674549212226116394614452133295277534326637178
49596135147788713563427156964672686464191381143873559624541449542336676386962395
48747779843833932263769291649618187863768416778639966773577545753182852397188642
46616886263849819465896314984864847983768377348688586892755365631787236388266942
67571873126581744863438592665498442715541727854755935165192739199327237935567798
64139322245693615216639483283653196546569679115137381616867838315128492289848986
15113369833538399741651597479583644324611393988883347761762948956918285912834838
