81820721092062960968365911209127498092930075635883391768377133141047572826360097
58656333058870082006612249888687250591612884459831732612851181866338010768246196
15600476631133999887698800278808392752159431361681364392797760407073776146769517
41903263963467698580976168433033824221568807794694986257381730625161904902297223
83101544723589065557274444220171156126862319307737172511609157033512446157556286
66141263817628692178025008033679311462739566619380802486770541127310083234341352
22986162278579323381510191688754680161275591399045870367787657368511188823874347
99196302926850009459047225675500047234967205068676355929444088513762963845927244
84704140409361934480433443927702259566563162792003811658786479040654656766355173
50765758468145209275917948911902481330481053464673151818634210833761302803403475
51167436845052061049710197498858764971444372084936580662704019444009944501206372
31649485206164913771898090724525768216278702034926851359495563043391132401017310
07731694938420659458678481084202922173577825488341509975074177627083207333950628
86770369344280334903696581535948429632611821644371627967992859029075320068711416
32526792785903467338333795700010691174942525192888144497913693036711673234239589
92152041844676890724892461210920353905758421014764938712358576441049002714639827
84647708713547223031543525505434753141589857746465196132012089084899103550293120
92552047104355638643082203058618139791794086670861991561264674059465405813684457
85866762424237921682113374515633278763169448527134087733980885680262694955595163
62926578778061726971003425017137019472430284539010342063132608315747255493994814
16570484964858833305916821249798608640983637791886648355599132711275990724944014
17214958837228423119819921082977506817995597554564949869083218837759524880521197
06198992287871158032888436347140592983313971923995703531890701950040874024594448
99784980603525554701558641119183687248447674342696967054206523484157590765434874
99134402462292966950790882057434691153314501029034620006966026437370736186317523
20716395975662819626621720481854274018681347546221417147511723750512832248903137
58070420772697375317875575461959312846760519351519620506100081740617337291400833
40149318259810149881624312031202477287453267851686182353217868358678007616553867
17814327499263340504585457540768228499848147396379312672143517248311457610533397
48654026239168572232996667812924444005740533973165529804106066113991017868786207
36664063947709998870014904655652774163985512174566924111336629568079060043655027
75517663122170722334178089216412520950478405831432057790162131874331339695727466
79313010025639814681578645142826778811818806880673604124997254867981647962817185
59475637374050857088525426549392621339200845636114731499655664511269426382419583
34729885688696754601270792243750173017605428410805886372962319175746635625914717
58164835822720558878245928132138977064573087220853166858858172263039040100839109
71904264804338430538381419630549815411003238189736419535202985840830481476699962
21224813177780320837078099861033214225481835901020979251646469619076622554807165
47240281966057675542154965342874844493795547264938033038957634893773288186494368
00383207684937037237025761538187794617280305599428398689038750609721299891664474
93839790255584933779174809165578206878746908159379713141582757894161018852231691
94287383101283882341078248226767481507338904237567660018171228965063151393375679
39708324746851795124652175458188900167495911735791074597854373650147661070384191
26645752334116022097093367568062405079908977206484619542534491164916774696569960
08465599295680216294243770275320395789562097359208351141653428153649060310775927
04259321364717297357158637034290626320094193855301720494655311966579121264171869
49090566507022241526906233759824042171683358298833528819615388147227393281428983
41793844552579936368845853129612374525879100205110859446165011372717415765446983
87760744105306961459363310333134090007574896091272211504894192103655496880043756
77092908875983156324906800994695529958540590972394409471101329665677526364514051
58747634055368705906794342978415296376742282252059582104690715960475402397856338
55921333199747755042340273123231143832297312299890281445958661915517362925089034
44354283138517959934836036216923879697275535099280338362994734725387297230179109
76629588179171662614686857044363033188299109736843867587463912434456168927986475
73305810397759951375934443702156329159484137464366642018296821321645911634642152
46334620254455340162177477978036631706649437558460284623242446769977581171859792
54656219709163687781786688273380774771259030817989966020443261275556028156809632
21790266413087407271336645876489913102065819212915538232610390860016663026492167
24856406286695697089387797255913046296877927126438102419996883585324124334676091
31992237355398473773922400789153106232401667379372061532561335708194726776731011
58356415087465434222255673692800166366393894681657056015346676075895341627350557
33317571891890648341640476227174739294428144627468506755865415422311405783752688
27623696547892035795948190094282314398959696716862630575511011555446445605701500
70838628000648341500782237123006785487384147040458496369233717707392128240364881
55396356965637087380324954164038737177584595842448824365168331910435816403178679
83935550128652555731307577184876440960901075879435249011443519434388489311593036
53017898864673193472412657126549494408335383820744042196277867642580413496608015
95420050853572071225979617453788761611084373320660436182877957405825530687042224
11730617426839947454677903513815624322317740204426897963011586012261119640875347
04554205033138410176170933139727713308956316116548397748626135685264918171527467
30796348661793673454465440721527507607991881325635098115920011860407328144288559
34082574224460691539816052327393231350089864793393423921501163838614060762820809
15890598845181351021563603042169663901750861908509098851632333429146716835075255
92280605571517415461805790723616653037405024558806258240777851883921838460459467
75029159383697288592305776938637687582397453387566404455320265351145703930153904
47685403423760940544044963028520557163663115769088349881183456487903863896954933
83085921211759952288512767888887164196668256634088077197653735811004509037384618
33567487855057972174763613703397091930152788599551764018830269929143436924231400
20657493157463873254948730784977519539475618853434832469477261370777000340623219
09219719568253113476954928886954863828184233550279677562860140944007080805089970
83107570100917135594486047153771930527730866081346148134527310007086618633133527
21354907114694679843166313373063364804203694194153858365417700491582982154531458
68572096465818131782229467615476011114953390299277758172546713292965600708612627
92868176028313574715947673460653750597973955233983028977816353599817315065153347
65807001591241918256672681454293068585365554928725222483083927100841517264393438
42880422639565644730403295340374153876102997690915921267115498301230259671631156
98155818470230193880870089955317087704126837609257663493210266774542084088817465
49587580716921723083146630121560398631848510986940096465903980385944938909327392
50928597617722354924264232742502047196227010881925909498525621863277482682568354
30696458079357216880883211040945031694770204099055156210652682674588593892884357
61960466717181032447421149806324581142870193171734063865958387236874475729069967
54328277753685264294847817782236235942407190140675575397170368032511906743251997
20370993721240664184317368544610197882391121623330232588989030796856909018766560
56713705209591870735106450042148160350044532489121937983626333305770881056269973
18436125887093617106387176677573703576049951246663322921069626924515789503934622
21957555328699708286175198650781349395091754849463362093437452017045267293393335
78709157002219169202989929147918980699735160293024740907493300314428188049232976
67615035091580880963626904517920894638306217252719389155501480707221007431518752
12075232000501325672311183030372033681449567988123982340010472281196743657871574
81266206565719822363838167882921296390213873540503987824461325487020210239507322
58166576662848685064980549513206426920950737462184768039432128777715687317941436
33790814396766439375672591515409419443426196709514512083331332933736787324383317
64989840602549216977329973103321427938536206350951949067887482123889659614823813
08079682273686681172976548186775565595827555932598462583512224577455326574840470
57800627601938688711066253964267042479255252904491110850782313420095747862907713
10232208196195482723781821522232256564460855648859282095432368549653245567259977
82236550962115599730752115432420363549498632171080445926838761291514216032202130
45315516149456086200339914398389575695188890958114932410885620842594519697476111
60136226628051515096597605197289647369016186238422028993178031043183178516215017
23331199890768909467667693203710244244184284172496765839266628973739254632104867
85291042438541429341561569993543965592936414158307226731165122165889864865884192
64991538895214947275361224468916890641608059135927594036468061143343166938293376
30731675735166414784109867409500163294459251390491114446400639151940053462898428
82359185259172117766628208137983661239809500421671299823368303970602515022635495
39160079650155289008769069250399530619683983261935819419491667960721712583230002
47006723789509559366250553494975084482927082198739500563792302701789292288664725
75177029060280452272679155419905440873458463762533771590717091352778735689166521
93228620143546585299034696572659835496629273906642989216646249291538208617579809
28711944301094055474435633545106989512083284920687856938129348784631203261107244
11269065179534523525806713291406268235660291632626888853728829923933070068205118
38428178989693781995157351485300954638945611185456868364924581948111812369026716
15647267563352450406625858651838439205021839386590011176989572410644178716236605
67779301630200044408682756240790204645949108001266186306654035253684461371291975
94605964982259401004185962068876799719985827824832712185262330985967774926506723
26437358351829247275266498573917366849427570067204439575700572336669469837685969
67541390581751419268903666634947845496500308064633471294631058769359999553941994
55409240971190098279802712158999451295748255456107154112810295162630241053508227
07800072469453413588924974355728700903308349384321470866240879094072903131555317
10072286473463268298192353323544340516978273356325649219689560671459030696796057
81146179513311909479057261123482656211723677744221294826059200184374950701511498
46289407131702999672833655433820114441651256481842706632955895541421188962208231
21518212279035757689686240612838313388601456413579274257568167032479293865453786
37251926684792695968652813910271918915228827103651324480315576914049361545596360
25872032652608184015959072148716274276618039578818330967387469172425974896949165
96170769389377465979462894068907215334242489417704252243064739561304352849829826
21486470166353931444455814937992838327583375252169841889405016373867926457539314
25308809016895130193668913353603045387571450375657474990488312107376795000956243
76899859978603250393649174764610153276058472630743123078381815944987527764358593
38806667889260942428807588091499797001453865000986315503428534180769230399160652
85917892219999480337800548644244525267553921444603171046197683505863986248164131
89988984122843886556317743639606364122323407406723142162423809643778835628504297
40010782694156901672353517200389394879178734882693310637025103112926213851009937
75413474365407436510283820549631521555802961339077480897291664513196917660356780
99120810926534032015647684453967481014223334509082396750979885020224740251249495
18687204200235533432554318041775288029340279922187410720449927096651381288642209
72307935012766818770012629149346765877274873882346492071705593694008743528938581
04104529419182901554689524772281850801156880841860630937585661574444338752439160
02064518356851572016415373860258677373203910413834339185157621015455414605925808
82110971670118650422142186768276432823604485058623284164791766891736077779077390
33871169870329468705194095602259251399031519175739300396574499737935606501157600
60114096296474164406891719032092838075918047155720315222221688578453126476138058
99967037124838698299500992806831516927340970440785015644780563464557930043879323
35037939667924243973078816172532932686876367116427242386179982310908467927134668
37162542848465576731583447180319041667118995905811789487474310899260672598679976
41099956286272310123598383020079484056881427734229070653517474367629456673404233
50234877290312759910642671048683457665835742627264067017983244782819225621603233
39262526373726955673087397135012162202779193212504805104639941932965860664665381
77439234338190128666974107811208806608158887544537135927116739120527904152781793
12646147341849649014540623082913380159531915526016062481281306167540339457856791
03190618127500208994635285379138007791281639220274043653847910615421935630884903
81679922055904284329289001831108228417168458208161727361227088080747870705787921
92914514101323718781025692384260216523997523169230979433427805097856187101013663
31311908932188470826659233124067861865912136926726976836297048090379216064401845
23286195641816714901515560814985849429838506903151171778322598657798632597277602
04601291036820898654686888165430442995443329519775047765594731187813605096110683
21966950432106594766339011712161436958443036772257512288488820415275941320836790
67331000565373793126951124348645807270638024986545429832564515252928580166445276
93670289111454906535463879148389090089571808821494840828179115950064699699250755
43599032607797249154735441034924483765969613553374176593349857601865695287803394
72455578147292265578006716942122308259390091863877612475342521432221641594163929
89123267114386320944746276747004774723752862996990010922528376541445405746972799
98763677242593615798998810022024720830100734980803628204715070931893999249556010
19920872187136214023376639408010615776828836824123246842495888215423435364655745
95451111345286799776938596362370566778664111534189383954752055952882187245808920
85268245929462411778350569476177804256766482285307643639217642992645923641917954
76276657694037220455528963946126330588876649021341197371576519067690392893277907
91182829787180473319526614475300271608357615033842890914372027535559162245151394
15240737610949042844483047436468234186592790122636480575666306306904574623869824
27004297941745646487677922060098596762416885803020083554679196884779106552822426
84623181629738244226227083508022689192712071337950093630935500289534781143410105
69618169337996520313960686559971497974896365648152036964220123601187026872807450
88049201319900165120577903217996857204532650482914969602749225822001709073554665
26586216549622941632041430868700005250190311741440766767267162439419654567879437
25475491639850310257137616334359098498793435064109984929295497291270549398911796
85684332433346370627634420314186192152624533853053516707095955043469796374813160
97379729435195604812170176901146303375405721229318593895255355098148903986909488
05668980116130529575943530571517748654693958686256022333170184821306625418710088
02731473193760608071176816983154789089787061997348816426853575068501569213568814
76682747970800508550713646338980482529589004914009381750926556152009360001312726
32531099089504322327055711524837734671806212786946706817803863426297415023022244
24126062037847921904434200693632310641531371074075817282203276838241033006948791
17175020378868822767613155797180480061921192184987968621785954195459812322651876
85201004582534516875902902570659699172984911233661276874062877503027802427238193
15020780454094133693321088150561679352297253210149736587449444436647088977332193
42269276047404690119894918719338987953309493825920298494879752403333302976285959
23150579677386739354455734745811236472328514883362016611088862336592907599087139
41778125415460014550364867277821499936663238684731649288604984230785793367394052
42375605660346039941589426566109490287955850326257380786990153636778187194923790
29342601407937625349389408693874400119992828305341171528324404298028461609631313
37605816580321843587381548100923286112160617480304639892133158606895901103194654
93234020798185403846816051927177173107305548115920322730570354927900596671430618
97186426807801702508850035371887810863680207162936809077390172785696205762720719
82762971340376123547868802503778498417191728087118472810550389076107811338931482
42225926546023833292433465801350143053952075408623687046590389111551350372696161
90688442577294382619014499702106952589310094659446561193942373440753246036029587
27163855931092646316420634387343623639474496802863576151303525414990770269491784
50712665034747999185357095993939286236382774431439742249503604309005551326635074
62456796678838380815451129296688948083734740083112380752827686618920035807275195
18870957063215428210743549997028633123168663988542197776088242448837019353753671
65095475699089537817306163390151940711470405721938215462643264694299468202663603
90063941608445089988126675080803563986298580727746661490066036824239839940468483
41705449496283839009622195741585177269306063749241997856401770131800889993801693
03504949538880865266216743910015233133599005782573860154704941176553623359953971
45506862220186938692876237039883696643583474089511923277305098722503096773986051
98766065741744728020017092234885217102506738505472171740613030464966164617807922
66820616481649721329739174186407787664203566539399831513241702821365884396414791
84148894890984209039279343268135791195436459277376831650295436953612167878421853
48609013099978406949738220408834404120809878708452951197442577358530064502834533
92270108589430367743106809454755413668879180307078883655398894355659882426267953
15478816602692203269996915327144034218700450881648900529741934914716891145303670
58837622577734882718468976846258707534506464418696206733298668435623510225190125
00438615399606763296733080113264602608027493613870653917336814054416265821442564
43058825702466807462952717374602789339385704812420981410491583711231651009927719
78279803136602883812107514260320061206556828248170949096981933946295724210202715
13392910150441845803963423938709636834149656146032473136670417267853128905281960
72020473230387094423002138883673530400443883613442600459002465480205931410642532
72526379813685249174870378284218698119893563907494258189452162034710666769997697
87999482646459122111823590568525949278757979078891577617054850971224557814412183
56565171288533613320198316601496454113244904450882555110014348395751019106521683
53820744045711721091130618335949098027772730311761688273943435798979446610922577
07951268314485769022627096449579054243330434365698953906362035235859987459859289
61631521644402850430839115360750347790556425387810516652282995894226494205721250
50308247927386584096612580798820149500645503800691311622328787990600879488836705
69947046822323570208192340119538975819421204844531901980019635593330592882617867
56252227717453701430083980443443867118731922690728165594237566660745243116908562
01400382760178703651410830706423728527752880274733826823532843770828276053399307
24339599441220588064569554772011103753610424736473330044591850530184051364792890
54837830028330518475729116252574183874789354610862605096747885330228144204190462
45724522697361754523121597367973649316114010590064139705408922848961323914956376
62471542670185734671090850584221117255180719610419573593682271830155346031596611
16952913363207494125284546473056387187227343071062875394317910788790095106894901
42472455007070648679179183420731270812831365497892077494976048518310963448372754
42271264362993261919636391861285238230809484429360713643465572169327043563469114
99512947115043586159570307155290321336637643644886547235909203231738911765186538
34826654991306651792252143888543239496891803904955374794104593508292431401739495
86961588159491515697503572091979482964543410345817607420373581376515885913524974
88852331231202053474069218118210951203588226803734168801320814033751315694612512
72554146417042206043015252620223398782974630644080796711242352710768426287968636
75418433355748086986354624813819857256693930575023855470705082043563190365771639
16368860234301433681734838147014151264363427099282191583602989320976067208731796
49978337086133403678796006952821924334235430839457861354398830449667174682848364
90903239587839935797749305492706752215691522630634749803113680461058979449457450
35403406746045172267888807758372146757590386952633411409182862913245909524218101
99503976790900405052726664023793626350873140884037269998573505388217266273951359
86075538453860013084506912488918750772319730501074111173115460881692140160258644
34603041970654612154080500460927186274437505722185826271593484619121402953530305
32652469073787058456639108111439420824112306527195793600355655583882268703957909
29366587362233968483949231673893004294171222858283183074986179594383310413698909
66249903128860665787145124303430450811582454902810333534913842229637645630607941
71435746916887989129578362756377468429807124960087984095280098170713219211733767
10858645800764421817679430350748736296399393346584478557745804455620392723258566
87763073243802373022000324558111821134545088497041599595452121821627402663996149
33352920435153144369116795022459743636548364439349613983842460458077264625949752
01089653564412203530112787389771357330715536040044893292539238110237629419489979
91527274820318092634971642700457936810290646373734027161781853876131775532916948
85335944408280394467865992588394093544709842417590178290570250776425298185670937
18485671773319672193596779877375032119758927786137993318836510723883108228607584
27971435963663035217367046198812805725004231802728331277627870343144391916176634
34741591387058939480392600946060709600465478400000534394587722007255329379059846
75992692014084314229409033166430704057963181297292491136207952397820011976044784
27390574142647130479905650607266930993709625903563370257483212743513870914832002
67311290722450324103552024173024482418417455879652536479577360102246577567625248
21137022227406155261215505786074656785447592965862041258543545564675641834296107
22958506131520964330796782730672573851126548319943460647685879817748059629011912
78706357946854756348593684883094284506924455157340911773901351238843410544137803
70083163670569457548942401241410037063284345476211407939433259645886451108886735
37176801754901417145620284421969261770760786545990172280470307889442436889140765
65340749800830375188319623947153311241786195579629515958732105874420585377724694
20774158332735653317969639733130770803128370377912763811081506451968457246545031
83595486473608750314518168597270062004577789219991436237923894449162676660285101
39508125986728839299323349174015172993884543001130996063294010128466481275405303
14223657961663455707953029189346632846285136577451276265172224261428524248329909
57120340454480094390316808621023993443026304327867598729050587912641821727233285
78816273317348083157170579100575153284078113265269523230516915238462331517461046
74637273818201496192149979653563167805021860817451399586420912398690183160365444
39712934105537459733508990791268555002957345651863878499249888809868439042310133
04120154286794983794669983322763233555107212616586713417281860788655805296851265
90563340902680797576866251111209374660152193894172151332798814755703812022642759
32317111541155704554284159857704319202268304282516392234974084911317061124805699
29683673809560302601308534629478341937239348903675613864468110920988153500952419
31898733260860176667488287415080669641923570718792204758300876232342888964962536
04919058849523730033352021323454013953098369703632999900620899097746945840299678
29595430139072569753545128085281564447311072164258739066964493760219214945024021
96882591805828447823450333823707725035965274031762392782653995326585420173253492
66484278499075621681811167999407809958614069528774937376366520867201243762631965
92092203810120558790526727175521379264583216443885042281903553971759805860529471
25784055370925066894751390116145230878917131836675180106810871904022662448065319
04710600346566932805883810548270175873630211468164597756956693183559496262295993
70355888450310106227544399848469575586402818405462010854538089757596769646684856
34230419705553153418548207702579105578461097002828223749400512842735480850665047
10157804060699652332649112590281840367802770280388712730455684817177173665654315
32168003265823017781152328953021424986886332631588875679474665690350044398106630
69610061311231079263036141389985469879379984051244034735734805478906624761633567
39750932940203893224812060745013312098335817266941942390155410172198224720346939
52569771791882121354997360305648192668202405210536537452125313312418583458756988
99490484011111483577460581361211781890943255109000542626016023428728352595473295
38589420100069486129934881366511901038726192051497907702384729946079598094465204
49296788624830793582350400810415000380455183152581905267688518332394383427828707
94803046958829170919800702337821884464076309462733151390349270005682373587537185
83486013541770904020042264100899614167351644860555717410631923056924131768050177
03715550007717021687240582153787414533571721397620970581640518929879400966108401
08482119676874013687258854491675257041386171117763700437881912765251517594764165
00269273822537825656039495487704225314693976511131214513923636860568903932427538
96752565470752167622104857745624716181388464460796386517528313246763229264568231
08463262524045405087918297104600490297124896554038153969277511305962557046073103
42008547171961283785526017673619020938537029343915425740843887180907548866034999
16543049976598423715991575504891664484209659214936769436047405905884974985900365
09384791155005737948380579784003882223915410342697881115225775680795457322310693
44106576009224941093640635828271407554509957259482882513322385880652558605076164
05969714166989289758866524325296066280235076242729163096243542971292340921235946
17215516487335984413669038813723613128999131142921169678479995970718107912971280
16099887812510805435802965669512567685200333499230733965953303766190696610594568
25783813413112751040536666575420989909264327972771257961620286302062873125007497
10035078751560883663004231337060030749431235403037111383018245701454530625642233
52530969450402178858542517970847631028306826058451092265456668184205452503545737
21676373709623156921199471210864749165054537796283675890204019740347830419815317
81468727361135689185032027926022469395075003923601235347344295881219432447556016
58160390413781866678958757403942335836530983550077572936024901883186899149308374
15589833003271372650908701129208025005113378707429391590794776147138793716187337
54238294687129489313449051909964289664969225681042994024551836866399237399980892
46875037355981941535147839801260891754780505005679121815865188542870130145046399
49669954328775769048196261905146492403991790854789855971136462598153154939139352
94845400141108220158214735675493963486499589820569009008089224692630166763214108
83895060362521413640212789490068975991920778073269805215104939437149606392845503
61934809805959790295769072022780409900041593774665528863727786742442093104372531
27631414709031840066339536209911102115083723071225808313329242855092865029200820
02866677620605991096213238635971701033352144887594216736128573759626037958550910
04128154626825748503075801698830634412392040388225443638801434239618517104785363
32440927076839205460762303852751359225896611444215777184044642126832833976139739
42412500750116943109833619651636021794130889570498732140047687263827090325611275
39137491995470307545475472462294852105034441546011626441615170155035435428030332
89728069931713811952638214478986585589020836556498570432145644129330243818587587
70580046018969024634922877729932001842351670222765391743443479078515568679045501
05161768560178622532089508439715530329143087519623168711615113295308224534335474
68607248909421971797102520981538195549924965667214434394465627612173375794624261
78886247576020788836422092377572746172312937026491563375910026075159655059874301
68817538879644315108119852785521127961747205002013537782268339814020360306340512
64028849674745360552781861252962883141469974286144089626140962971319369235683936
49533818651654998032638944696111714459775135335957876272458512424996995636716996
47608705616474369240898893533368815642436762775553908306156895063953228719869897
29654491228567094057370367383542409133980029070187789287054597877312972503960471
53068869272209909111142994018188273819323391863625250051651856049296932284230421
18603377130551423958529394896769635026132036652942106040477291048074540231777311
35168958988267812882293403035145567167922568264123595641108505550676794152006374
58523519252815948116788402810396401958485572966929115910222788621474993835420789
87217149959159642259066408817142794281516489837873338075557248425200164696614306
54500806144829219390066286696550317135681289274590814148964238165254602829750745
90293827143937457933597242767378386359679564975427684142596453146493791204632652
35061740431995093346108675370110531504556860348206671250358630339512912208370265
40704162018034700633095987077515299263734366776907360422979133552225219109706267
37755158201944697655076365834389484039496060764720873514126626101582926827655405
34432635307457595235612429804461274538234298391220921325892445473669881951483168
10907575162879425649564303759014339015165860846979553133428865936469126077734301
22179789329577929226618895216940392342761364938709037815565215632600331926960940
81198031920454472082069931327549528424266759845309177209299849090762440303186413
98571086699593586202678730509929797996829560544792246308191830052314075381057203
42239136267633540795988455795503515504919043014150232453099127686162485543508348
29057259844487115922276587104192136548180650220437807824248667889450815292504034
26163336486351469821004666062575713593771422291978626382243859509389294450308369
02872077404029134839194458905494146103736349129585361605784651793362264913113041
11670903169648000832756994693551603246183599477977612200590979366835343803878225
71566499494192019454266877102528074496254461989844659386208306482448550624883268
28861888754917785867639490066524062254863205367886526222757967886291281822218962
51618331525389320336055311812087690196604303821369710805876064644042281232658862
37892962062502691497896619508235702844481357793106703465760807203760836257644343
44918809005104576572217133952673752552229510500582517251655337348426441613472177
37116306977963512050846235259440042315446954216038567116580270683725455555958891
29510724553769607767129298051512383501898078705030621368170897417713851525544755
05010876251329512485130903865592170606546441873582416666753452399388928680726797
28462068622786407750361311342737572640596706776859852629936026751594631516537311
14835231012113416569358801494393129092675466203873840861898130874295784888068375
18021370190440105754387351019293235535727037656551816620835492073041220548513103
38776552416569202690265713342115595953027248980040535487414829743874465672029388
74902768404584842715953452404268825538117443064553243973281515028510233474878705
52015160333266988941780408850543727786798245532755648030353577558139645818249338
70417773576354035230303228126427139009391500453997130526772774705395452337490459
62635246464442474197765308593991757435279462224528678440632302392638999587370571
95112161013129739099422186760921430899919230196952612514384357169555282531495181
15261151538038676671934147322783569145131071081670911667291177655112062680326063
60994853324423425667700322440565716824591848676617290487393945649042370285263427
87897648119979917990899401095371785870443615532462090211443048911565715788487575
63267037479117504386343921138737704527534673945816442455780948659961915166451115
81750581802452668620470518545783337461499319826905939092898268067992939050717222
05305955679747675898363189329251242387041225539801365477374094879201169402946818
99851645083851552865778992268118579222500839621529317146962438261274973300847204
17673395942600028794361237934495061007392525526865199448425298090267065631290945
11755911400466177163789888814134303250567317656176273910904532633853804363858321
16104709012413947203839523797103456923903745344518172744355808854738530790151984
50815726252579487655271195401852950533306907797400427720206305445718267546479631
06619594944079837077791493474887355042598870336688976865806627109491045996965416
