4 16 31
15 265 64
1 26 62
14 350 54
9 137 12
9 8 57
6 137 12
7 361 23
8 210 35
4 167 79
12 135 35
10 32 5
6 109 69
11 2 62
1 129 52
10 137 69
2 398 4
9 48 78
13 314 11
7 291 4
7 229 3
9 137 12
15 180 43
3 13 70
11 137 12
3 196 5
15 295 38
7 352 79
14 317 25
14 367 39
6 190 57
6 277 29
15 46 5
5 191 31
1 385 28
3 274 72
11 163 9
15 355 17
1 242 39
16 223 55
8 29 61
1 207 63
14 241 74
11 390 35
4 137 12
4 19 41
8 19 14
10 348 22
3 393 8
9 151 1
7 299 5
8 197 55
12 138 78
14 81 67
10 255 36
3 165 23
1 129 40
8 383 28
6 361 35
10 304 70
9 90 24
9 360 37
6 88 74
15 81 74
15 295 36
12 95 42
16 328 10
11 55 52
8 23 7
10 302 77
6 60 9
7 241 53
9 367 30
5 270 53
14 238 24
14 287 40
11 360 28
8 66 3
11 365 74
4 142 9
3 211 54
3 235 38
4 263 40
10 257 45
12 292 77
12 312 13
5 27 11
3 137 12
2 76 5
8 7 60
2 207 55
4 171 76
6 224 4
11 137 12
11 391 19
16 140 51
16 370 33
6 140 69
16 360 22
4 190 55
14 187 38
3 242 41
12 379 15
3 250 12
10 358 14
1 64 9
2 56 6
9 121 58
10 221 54
14 243 30
10 49 39
9 359 75
4 116 54
12 127 77
1 250 29
8 143 6
10 141 48
9 55 37
3 261 51
10 294 40
3 264 28
7 17 6
11 219 32
7 318 18
3 220 50
9 368 37
13 244 23
14 177 7
1 109 7
1 26 21
4 199 2
11 172 25
1 167 42
15 239 15
15 390 76
14 279 12
1 243 7
1 109 7
2 247 28
14 69 71
11 148 21
5 189 46
9 30 70
7 84 37
14 20 12
16 92 24
13 335 3
11 168 14
7 137 12
2 253 2
7 8 50
5 52 13
11 218 10
5 162 2
15 137 12
3 89 14
8 378 25
10 331 64
6 52 41
14 129 70
5 34 44
2 170 71
11 390 29
15 91 56
15 137 12
9 330 42
14 275 28
10 303 16
11 343 10
4 174 29
16 208 75
7 175 32
9 77 79
4 387 48
8 162 32
14 278 37
11 197 36
4 394 68
7 105 46
5 394 21
11 329 63
6 394 37
9 159 64
13 170 43
2 141 38
3 289 65
5 280 49
1 354 40
12 336 54
15 34 40
9 117 58
4 346 58
13 284 30
11 24 68
9 169 1
1 232 2
4 112 5
8 162 7
5 218 59
12 303 1
16 79 29
15 261 19
11 44 64
8 66 58
14 63 26
7 111 61
10 137 12
3 362 6
2 182 65
8 182 28
13 398 32
14 305 74
8 300 15
6 201 1
5 158 55
16 70 64
14 399 15
2 265 34
5 283 62
2 148 44
9 254 69
8 355 26
9 21 34
16 192 6
5 148 72
9 138 61
12 85 53
2 188 29
12 137 12
3 4 23
13 113 79
8 74 56
8 199 48
7 186 47
14 93 47
2 314 34
15 126 18
9 269 33
1 61 43
8 389 79
5 308 17
9 137 12
3 137 12
16 298 54
3 137 12
10 272 32
15 291 37
7 245 20
6 255 19
7 158 27
12 190 3
15 219 21
9 380 49
11 168 37
5 31 15
1 31 25
13 259 12
4 322 21
13 399 24
7 97 14
6 274 31
11 137 12
2 264 19
12 66 14
13 125 39
5 116 18
14 358 28
10 332 57
16 297 51
9 380 44
10 99 63
15 203 36
13 220 46
9 92 4
8 266 23
5 340 20
10 285 75
6 239 58
10 192 32
14 307 37
5 263 8
11 86 80
3 96 43
6 251 77
8 251 17
11 194 7
7 128 71
1 246 10
12 337 69
2 110 25
2 293 20
11 327 53
12 175 27
10 119 50
16 271 65
4 209 54
2 313 34
4 196 70
4 35 56
4 208 36
13 308 38
8 328 52
1 298 54
12 308 68
11 48 2
4 13 64
1 71 69
7 175 3
13 215 45
3 128 1
1 240 44
4 268 21
7 259 8
1 137 12
16 202 18
15 265 75
6 268 65
11 275 41
2 224 14
15 214 65
13 47 72
8 301 21
11 14 77
12 384 10
16 240 41
13 293 31
16 316 59
8 243 25
13 54 71
10 164 16
14 166 65
11 100 24
11 185 52
7 2 56
12 303 56
5 224 34
15 240 14
4 356 68
1 101 20
9 34 43
5 158 50
4 17 32
13 274 37
12 74 72
11 46 38
14 314 58
7 399 73
1 179 41
16 37 46
12 86 79
3 164 63
14 326 30
14 391 27
12 165 30
8 305 2
13 48 21
8 66 16
16 340 17
9 154 50
13 137 12
6 350 26
12 219 66
6 396 49
16 99 30
12 185 58
6 102 36
10 222 80
2 167 74
7 233 23
8 371 17
5 114 30
10 367 21
13 6 43
1 159 26
13 77 11
6 343 5
3 14 12
4 137 12
1 89 28
5 155 70
8 76 2
16 367 1
13 7 79
8 362 31
9 126 4
5 143 5
9 283 26
2 66 37
10 137 12
6 200 58
8 294 13
9 4 23
14 248 46
4 63 79
14 148 42
5 137 12
2 145 53
10 329 21
4 153 22
11 115 49
11 222 7
14 24 51
11 266 60
4 17 51
13 155 35
1 159 34
6 393 13
14 137 12
11 379 57
16 137 11
12 310 78
14 291 78
5 216 45
7 238 31
4 347 38
14 190 76
9 374 18
13 219 58
12 98 67
8 336 40
13 203 10
2 385 65
5 191 46
11 352 70
7 137 12
3 267 2
11 245 57
4 360 32
7 45 70
6 256 62
16 112 13
7 246 18
16 21 26
8 195 80
5 186 46
15 274 52
2 387 33
15 314 53
10 143 6
7 98 72
14 253 20
3 317 7
3 159 8
3 51 27
2 34 79
1 284 17
14 301 50
2 330 39
16 205 22
6 307 35
2 181 63
7 195 11
9 152 23
2 165 70
16 71 17
14 44 39
14 29 26
3 59 6
7 136 38
10 157 50
9 373 69
4 46 79
14 13 38
1 374 26
15 243 59
4 137 12
15 397 78
16 236 59
3 172 67
16 256 63
11 140 7
5 75 61
16 228 50
12 57 38
5 389 6
8 40 43
11 313 65
3 274 60
1 276 34
11 20 2
4 120 48
5 296 67
5 126 17
8 129 6
10 105 4
15 218 9
8 150 30
14 46 80
8 350 42
6 262 54
14 170 75
6 308 68
2 113 40
7 18 5
7 251 3
10 137 69
13 370 1
14 36 11
15 50 44
5 13 42
11 242 20
3 53 34
2 248 57
10 137 12
4 317 34
9 43 55
2 172 64
2 72 61
10 154 18
16 263 63
4 104 26
9 314 18
4 70 47
6 366 16
7 153 32
16 89 69
11 311 38
5 89 25
16 58 41
10 94 52
11 155 4
1 192 75
14 126 4
5 262 19
12 179 27
15 367 58
4 100 78
4 141 76
12 342 31
15 135 3
16 143 42
3 102 16
14 125 20
4 252 51
9 98 6
8 147 75
1 389 29
13 38 32
8 179 67
10 142 61
14 188 66
2 137 12
6 100 11
12 137 12
10 341 43
5 311 32
4 154 71
7 139 54
14 347 78
12 93 30
8 333 37
10 283 54
2 338 26
16 196 79
9 251 42
6 188 38
8 365 21
7 150 6
11 222 34
9 34 62
11 97 20
14 306 26
8 40 47
14 194 72
14 2 18
7 250 68
10 325 19
1 40 59
6 163 9
5 359 22
14 137 12
11 340 66
8 127 80
1 163 25
12 153 5
3 388 42
12 184 43
13 137 9
14 12 22
5 397 1
5 126 64
16 240 20
2 172 31
7 256 68
2 165 20
6 133 62
2 9 56
7 77 60
7 10 54
11 81 68
6 295 60
4 337 42
7 181 48
5 174 22
6 301 21
5 137 12
16 365 19
4 44 12
11 268 48
8 36 71
5 326 51
7 376 54
13 81 41
6 19 37
2 224 57
4 90 44
4 333 45
10 324 51
6 118 43
7 328 60
1 137 12
12 13 60
13 400 38
13 137 12
7 79 2
10 284 75
10 101 33
11 264 69
4 147 73
2 224 51
12 232 64
2 137 12
6 287 34
4 49 34
5 178 33
15 77 49
1 84 38
8 283 66
8 122 4
5 31 74
12 185 6
3 79 57
1 95 2
9 190 16
9 396 58
13 191 77
13 341 78
10 80 13
14 16 75
14 59 18
2 158 50
2 146 69
4 99 24
1 291 67
7 157 66
14 141 30
1 208 31
7 387 39
9 296 16
8 276 2
16 90 43
11 72 69
12 354 42
3 311 60
6 313 77
6 50 67
1 137 13
4 386 78
15 229 51
13 172 77
7 282 66
12 131 27
15 363 46
11 328 44
5 27 43
14 49 12
9 179 51
15 400 20
12 348 76
8 107 6
12 280 38
2 137 12
7 208 12
10 87 15
10 105 21
15 157 60
5 110 42
5 296 12
9 361 40
13 38 53
9 222 62
7 86 11
1 137 12
9 345 23
8 296 22
8 184 59
14 67 13
12 113 52
5 19 75
4 112 78
5 43 11
5 216 7
1 285 69
11 298 65
7 32 72
15 156 56
7 130 55
10 326 20
16 119 30
14 21 67
2 163 64
9 293 23
1 386 43
2 107 47
8 82 1
8 111 23
15 269 50
1 87 72
3 337 52
5 261 11
16 241 10
6 204 30
15 379 5
5 347 8
11 348 4
1 400 13
1 66 69
15 302 76
10 363 34
6 51 46
1 314 27
1 39 63
5 17 34
13 43 72
9 293 80
16 251 15
13 115 73
2 378 26
15 226 68
1 118 62
15 375 64
2 226 7
15 117 40
15 72 31
4 206 70
10 275 79
11 89 4
11 129 62
11 101 11
9 242 62
2 191 48
8 265 55
15 117 14
8 102 69
5 363 32
11 346 31
16 340 8
14 251 14
12 26 72
11 188 75
11 260 75
3 278 60
14 123 31
2 366 51
3 86 37
16 165 11
10 137 12
10 345 21
5 386 9
4 7 75
5 297 78
4 209 44
14 45 21
5 274 59
2 19 73
8 276 63
6 137 12
3 63 76
16 365 17
8 107 55
3 377 52
1 362 69
16 24 9
13 81 51
1 379 70
3 241 12
11 155 28
4 263 33
16 268 70
2 151 11
8 323 13
8 177 60
12 225 10
12 193 45
7 216 10
11 177 11
3 265 75
14 40 43
16 173 28
1 361 71
7 182 68
10 270 38
9 11 35
6 213 17
15 22 58
12 304 25
6 284 36
7 336 12
1 26 63
14 265 79
6 316 66
4 138 28
14 113 24
2 169 64
12 379 27
7 373 46
8 362 74
13 35 73
1 178 70
9 242 68
9 59 25
12 183 33
11 81 54
13 81 10
7 245 53
12 169 77
14 307 26
16 247 9
14 322 61
10 264 48
9 349 60
2 74 26
7 304 68
15 277 4
3 73 3
11 56 1
14 381 54
11 128 9
4 3 33
12 182 79
11 330 48
1 243 77
10 148 78
1 279 31
16 179 29
14 284 14
11 286 66
13 78 45
6 46 54
7 125 22
14 149 75
11 103 5
11 341 44
3 128 40
8 380 9
7 147 30
13 390 3
8 365 22
13 365 28
7 390 17
1 42 5
12 48 68
12 370 17
15 293 15
9 340 42
10 244 76
2 386 54
4 299 22
4 101 79
9 162 10
8 184 55
8 137 12
5 246 34
7 367 32
2 4 16
4 400 34
4 284 25
11 83 74
16 171 64
16 32 77
12 184 16
13 82 64
2 310 20
8 374 12
15 365 47
1 146 57
9 26 78
10 386 1
10 368 60
2 137 12
12 209 71
6 283 36
4 356 30
10 139 36
1 201 24
7 296 27
12 281 64
9 96 24
9 146 19
8 292 5
3 5 58
7 396 37
7 157 29
11 1 12
12 206 2
3 233 65
8 203 3
5 349 35
11 157 73
5 297 12
2 289 5
12 81 12
10 53 10
12 20 16
9 146 63
4 13 35
6 196 79
6 269 38
13 1 1
13 209 8
13 360 8
12 217 59
3 359 76
2 40 56
11 372 60
16 47 28
11 8 45
9 26 23
5 395 55
8 203 63
16 192 29
13 81 40
10 289 25
7 193 26
6 25 53
4 383 43
15 113 65
3 309 17
5 70 18
7 141 77
13 268 40
16 206 14
7 363 69
1 42 65
2 121 22
8 365 77
15 89 32
15 97 60
6 344 23
1 64 33
11 116 16
13 136 17
12 177 5
3 134 47
7 114 13
11 62 53
1 156 56
10 2 70
13 298 17
12 137 12
9 397 72
12 70 33
3 57 17
3 264 53
3 188 56
4 209 45
11 109 43
15 333 65
7 204 11
14 331 60
3 29 63
2 98 48
4 307 61
14 92 8
9 374 50
9 208 24
12 33 49
8 382 2
7 381 27
4 350 74
3 97 46
15 29 79
15 171 75
11 70 79
1 349 54
12 176 56
6 162 14
16 168 62
5 166 11
16 244 41
2 129 65
6 296 54
2 136 61
16 326 45
3 44 14
1 287 27
15 369 15
12 379 74
13 395 78
6 386 39
13 198 10
2 68 31
5 269 68
16 270 11
16 339 43
8 344 6
5 102 21
3 298 8
5 385 72
7 229 23
10 192 62
10 244 54
13 239 47
13 115 50
3 117 27
5 332 23
9 363 70
5 282 28
13 216 59
5 31 62
13 137 12
2 156 78
12 117 74
8 249 78
11 186 37
16 373 15
13 353 52
5 335 64
15 279 56
11 260 76
16 189 7
6 78 42
5 137 12
3 238 70
4 144 71
11 137 12
15 94 26
6 28 63
10 268 13
8 187 29
14 160 50
15 62 11
5 163 17
1 301 51
15 137 12
4 186 76
16 344 32
11 213 73
12 51 10
2 77 35
8 290 56
5 144 46
8 39 70
16 221 49
13 333 65
10 250 39
5 252 66
3 80 37
14 343 78
8 330 59
12 351 24
8 332 75
2 365 20
7 318 11
1 268 2
10 249 44
15 77 20
3 347 42
10 368 12
2 246 58
3 386 68
5 177 54
1 161 48
16 57 38
7 160 3
11 182 38
11 368 60
15 214 18
16 159 11
16 135 14
5 91 40
7 238 44
10 72 71
7 160 78
3 219 40
10 80 19
14 76 71
15 239 21
10 277 61
4 234 79
4 284 17
14 257 31
10 38 47
8 235 17
5 168 70
6 301 61
9 60 60
12 137 12
7 196 49
14 229 49
4 163 18
4 198 16
14 377 53
13 400 4
8 314 1
16 198 63
16 326 53
8 329 32
15 385 71
4 124 39
12 353 33
8 223 20
5 29 22
16 134 54
14 104 77
15 164 54
3 196 49
3 137 12
1 205 16
6 266 29
9 334 53
10 94 49
5 76 41
14 1 47
1 169 75
8 77 46
5 301 19
14 136 43
16 36 59
15 299 61
14 264 23
6 4 21
14 369 13
14 176 80
1 73 53
2 281 57
4 253 1
12 392 21
6 252 60
14 137 12
4 231 19
13 296 59
10 123 18
13 1 51
11 218 55
2 64 38
16 82 68
16 119 76
10 335 71
14 360 54
9 55 28
13 335 63
14 64 62
2 391 60
4 330 34
16 210 13
4 263 2
6 244 45
1 399 4
14 103 50
8 361 4
10 268 34
3 396 29
1 282 61
13 125 8
13 112 62
2 255 4
3 51 36
3 152 54
14 357 16
11 135 36
11 250 36
4 133 66
2 118 49
2 168 50
14 190 40
8 187 46
12 26 46
5 340 25
10 104 54
10 12 37
16 273 47
9 18 28
2 57 60
16 149 9
11 170 28
14 64 1
10 389 32
16 45 66
13 111 17
10 28 20
4 136 58
5 210 21
15 125 58
15 258 61
6 155 32
7 222 49
7 72 64
7 323 74
16 185 68
10 335 14
11 163 50
1 137 12
8 137 12
9 285 55
15 266 57
6 343 29
16 268 53
16 281 33
1 275 40
8 84 58
8 125 73
11 225 6
15 43 75
10 299 73
10 137 35
8 126 29
16 367 26
15 104 18
15 108 23
4 394 77
1 289 68
15 197 40
14 136 62
15 329 42
7 72 47
5 12 28
9 300 14
5 150 16
12 361 25
8 185 5
2 45 38
5 82 33
2 400 67
5 127 58
15 230 35
10 114 11
1 352 18
4 69 42
8 137 12
6 14 29
16 81 31
9 2 61
14 359 22
4 20 1
7 273 40
10 137 12
9 275 49
3 375 44
10 116 24
15 172 52
14 58 6
7 244 73
7 301 15
15 240 16
9 95 80
11 243 60
1 270 47
2 67 26
14 195 42
16 73 78
8 12 36
6 108 43
5 396 33
2 353 39
13 29 74
13 375 28
11 352 51
7 36 14
1 297 35
4 100 44
12 349 71
15 126 33
15 298 62
16 398 56
9 380 52
7 266 51
13 192 77
11 138 75
2 51 24
15 345 1
10 107 52
14 300 15
6 112 59
8 8 39
3 348 26
14 71 77
13 309 23
14 331 8
8 321 30
12 228 58
10 262 41
2 88 10
4 226 61
2 399 31
11 193 69
6 157 56
4 325 47
1 392 23
4 259 69
1 136 74
12 6 61
1 10 60
6 117 61
3 17 46
1 137 12
15 137 12
14 295 6
11 106 58
5 161 8
4 154 8
2 393 65
2 59 45
16 317 55
5 252 70
2 314 10
1 110 32
1 303 12
5 398 8
15 84 26
15 18 31
12 271 44
3 111 22
8 112 67
1 60 72
2 125 64
2 137 12
3 13 18
11 290 43
4 267 37
10 300 11
15 89 6
12 174 67
13 123 57
16 310 5
6 222 27
15 59 32
13 148 71
3 342 20
15 185 14
13 317 22
5 38 30
3 109 80
7 340 31
10 342 5
16 210 74
12 80 62
10 153 46
1 284 53
2 243 13
12 235 14
15 5 26
10 212 78
4 324 47
12 7 31
5 14 56
6 83 7
12 373 77
2 81 33
9 113 19
8 279 54
3 349 5
10 375 69
7 39 30
11 44 54
2 266 20
8 327 12
12 155 44
13 154 80
10 349 29
10 238 17
15 319 73
1 159 53
6 397 60
12 134 57
13 22 34
16 218 42
4 104 34
13 90 35
10 364 47
3 244 29
11 139 66
9 337 72
6 259 41
1 260 44
6 10 70
7 15 14
6 149 26
7 40 75
1 116 69
10 267 35
10 103 55
4 140 50
13 356 46
16 338 59
16 89 52
1 119 79
6 205 1
16 154 65
5 153 16
2 37 59
12 4 51
4 150 69
14 13 51
15 70 37
8 101 71
3 153 78
13 203 70
14 235 35
3 391 10
6 164 7
10 377 46
2 74 22
14 152 7
2 301 69
10 52 44
8 270 60
4 394 74
5 90 19
11 167 58
4 316 20
8 178 35
3 137 74
6 47 75
14 226 70
8 122 63
6 216 34
1 266 2
16 281 19
13 156 25
7 137 12
15 393 28
7 113 15
7 329 80
9 15 72
6 291 43
9 332 66
8 34 44
6 223 53
13 206 22
15 369 58
8 154 63
1 162 41
12 89 10
5 94 18
5 321 1
7 372 9
16 249 76
2 271 50
10 348 14
5 382 65
12 146 30
9 128 31
13 363 47
11 180 59
9 25 16
14 186 22
8 58 72
6 218 11
6 6 18
13 301 80
7 8 73
2 193 35
10 204 24
16 27 44
1 231 60
9 47 39
11 137 12
7 10 29
14 283 29
10 190 12
3 132 42
3 377 59
16 260 63
6 222 76
6 292 7
10 353 76
5 137 12
3 311 80
16 75 77
15 143 5
13 358 9
4 48 7
1 32 18
11 70 70
15 187 14
1 15 74
13 115 67
12 41 15
5 197 79
13 120 26
13 101 79
4 58 22
5 13 3
10 321 79
8 105 36
12 343 8
12 133 43
4 140 65
6 102 2
10 226 76
12 364 40
5 295 64
9 169 23
6 237 10
4 137 12
6 103 34
5 107 12
12 250 34
15 400 74
2 41 40
3 84 74
10 43 36
1 101 33
14 16 72
16 48 19
9 137 12
8 263 4
6 104 8
10 188 80
12 312 66
4 52 11
9 194 61
1 10 56
9 46 47
5 293 63
16 362 41
14 244 38
9 309 43
15 40 59
4 274 19
10 277 57
1 265 57
13 115 13
16 68 58
2 110 65
6 52 3
11 181 14
15 240 28
15 220 34
15 259 59
11 319 47
14 84 79
14 7 65
15 248 43
16 66 39
15 221 53
2 194 32
14 288 10
7 194 4
11 108 5
10 58 63
3 133 7
15 92 1
13 281 54
2 332 49
13 230 77
2 10 76
16 25 40
15 273 58
16 232 7
12 203 30
14 358 57
3 110 14
3 307 31
11 252 75
16 282 63
14 210 62
13 337 33
10 103 20
1 397 1
14 187 80
10 51 52
7 81 38
11 173 41
10 378 56
6 113 51
9 372 16
16 358 42
14 302 70
3 386 42
3 138 21
14 148 1
2 219 71
5 220 61
9 98 50
15 50 7
4 394 68
10 64 68
3 392 75
8 310 10
11 58 10
14 321 32
13 117 72
11 12 71
9 22 50
6 203 33
1 270 44
14 41 13
2 41 6
7 99 53
10 6 67
13 348 15
11 80 15
3 99 26
7 298 80
4 375 39
5 93 8
8 264 45
8 355 14
1 191 74
15 291 21
15 77 75
10 355 70
7 56 21
3 212 34
16 263 61
4 329 10
4 59 65
14 322 76
3 168 20
6 137 12
6 203 34
14 151 7
11 132 52
4 333 40
5 221 5
13 348 3
13 161 12
1 26 45
13 76 58
12 228 17
12 370 25
3 137 12
15 198 80
10 86 61
8 1 78
12 226 70
15 244 34
4 298 28
16 251 61
13 71 72
7 252 55
16 241 69
2 110 23
6 41 12
4 103 39
1 125 64
1 266 14
10 208 35
15 183 69
16 386 65
12 241 37
13 265 35
9 23 72
12 370 30
7 190 79
9 51 13
8 43 54
12 278 25
3 79 74
4 276 58
1 217 7
3 296 31
1 138 46
15 373 59
15 192 45
3 170 30
5 378 4
8 318 42
14 305 58
14 78 36
10 112 56
10 399 37
10 179 25
7 365 64
4 376 29
4 239 48
13 237 72
16 267 39
3 301 1
10 97 71
10 28 77
9 82 7
8 379 64
12 305 49
7 149 8
9 130 29
5 373 44
13 153 5
13 308 19
3 333 54
6 240 39
12 216 67
11 387 13
2 340 72
4 52 43
12 304 37
4 333 8
15 110 55
9 37 61
7 24 19
7 367 54
8 95 63
10 203 47
7 88 33
4 189 5
7 249 54
2 208 27
12 376 67
2 231 21
8 135 58
10 238 43
6 367 52
8 164 1
13 105 49
14 217 51
11 248 49
1 215 12
13 384 34
2 5 77
11 161 53
7 224 45
13 212 74
10 29 23
7 29 80
8 84 50
11 381 72
14 284 47
12 63 44
10 103 1
3 240 27
6 76 29
9 330 68
9 85 33
4 292 22
14 194 15
2 316 45
1 30 35
2 313 72
10 137 12
15 355 37
10 350 39
4 273 8
13 205 9
3 120 73
14 71 16
12 94 42
14 270 12
1 151 34
15 88 46
11 115 31
8 388 14
7 396 65
2 209 62
15 180 13
9 277 52
4 271 46
15 219 11
13 76 42
1 128 10
16 316 46
15 228 65
13 371 39
5 314 11
2 45 66
12 18 17
12 394 66
12 88 5
11 255 41
12 137 12
4 137 3
6 254 56
1 170 70
5 195 65
14 92 73
12 267 40
7 386 54
8 388 20
3 5 63
2 162 2
16 44 74
12 317 29
8 91 11
6 217 77
16 290 68
13 359 78
7 122 50
1 172 2
1 229 65
3 33 80
8 399 47
1 321 37
8 29 69
9 57 30
4 212 75
6 397 3
11 77 37
4 109 12
9 294 8
1 234 69
2 188 17
2 299 8
14 9 47
15 304 6
1 278 11
6 137 12
14 8 45
4 288 28
14 149 57
5 88 65
10 308 58
6 137 12
9 104 48
13 134 39
7 389 24
7 187 72
10 52 3
11 116 35
4 37 55
8 222 33
14 388 66
16 61 22
2 46 50
11 164 59
9 233 64
3 127 64
13 137 12
13 273 4
2 190 56
6 222 41
10 5 6
11 97 19
5 217 53
16 393 75
16 373 34
15 98 23
1 187 77
8 23 17
11 199 80
14 343 1
3 226 56
16 120 41
9 30 40
9 223 5
12 102 62
14 141 22
13 223 37
6 338 76
4 369 61
11 256 53
2 389 57
1 78 15
16 267 59
2 117 52
14 222 57
11 254 51
6 275 2
1 220 8
12 233 3
12 152 59
1 137 12
11 167 52
2 331 12
15 254 22
11 259 58
5 26 32
7 372 35
7 125 74
16 44 36
14 317 68
6 304 18
8 64 70
15 111 9
13 202 74
9 26 79
6 153 61
3 168 69
16 183 57
13 331 80
14 66 79
8 280 39
4 187 39
16 154 37
4 128 61
8 149 30
12 63 27
7 382 15
16 189 77
15 17 59
6 157 37
8 99 31
15 217 26
1 27 46
6 324 38
6 85 37
6 147 30
4 122 21
12 379 1
11 305 54
8 44 55
4 248 37
6 314 40
2 55 13
11 99 6
13 114 25
1 208 1
13 93 67
8 127 14
10 20 44
11 332 70
3 231 34
15 391 44
13 50 79
5 321 34
9 379 40
4 5 28
10 17 25
14 29 55
2 65 75
11 308 75
14 79 75
6 325 27
2 364 69
7 392 39
12 374 57
7 208 23
4 205 68
14 137 12
6 212 57
11 372 5
8 152 8
7 394 56
7 79 19
16 16 45
11 148 36
15 168 7
1 11 80
1 88 43
5 350 28
2 110 70
5 390 8
9 263 13
13 235 72
10 129 76
7 305 51
2 2 60
11 301 67
2 25 35
9 301 64
16 366 28
16 65 51
15 204 45
4 3 67
10 267 76
6 139 49
3 393 42
9 399 39
8 369 31
1 99 78
10 110 8
14 237 12
15 148 80
4 322 62
9 94 46
14 137 12
15 16 29
5 265 3
6 350 59
6 189 53
10 104 16
3 337 41
9 126 36
8 270 9
7 344 70
5 93 67
10 297 78
4 81 64
11 377 11
16 183 56
14 227 9
16 272 31
9 91 60
1 375 76
9 202 53
9 34 13
4 137 12
2 152 10
4 16 15
11 332 32
12 61 22
8 365 28
9 80 69
12 279 14
5 254 52
1 33 36
10 379 63
8 190 64
9 378 49
13 273 53
6 10 67
6 181 76
11 137 12
4 293 73
5 88 79
10 143 73
13 51 66
14 233 60
5 176 27
1 382 35
10 158 48
12 257 80
12 346 1
15 380 51
2 361 8
5 50 16
1 99 74
2 273 40
14 53 21
6 397 66
4 305 26
1 49 74
8 139 68
5 265 55
2 194 63
15 320 46
10 125 69
11 35 53
3 392 49
3 184 75
13 157 53
1 15 15
14 137 12
7 72 68
9 188 38
6 102 21
8 398 65
14 249 51
7 338 69
10 45 32
3 134 58
12 344 2
11 57 70
2 196 15
11 257 62
16 356 78
7 219 62
3 217 47
13 300 67
5 103 36
8 323 11
9 23 71
8 320 11
8 48 44
4 210 59
11 227 48
15 392 49
16 307 39
7 162 60
14 2 28
10 256 34
13 137 12
5 117 42
3 17 59
7 283 76
16 91 47
3 227 58
7 224 24
8 399 21
14 86 46
8 95 57
9 117 3
1 183 58
11 21 28
3 381 21
16 317 55
9 336 8
16 244 31
8 185 34
4 315 29
8 353 79
7 238 75
7 213 79
12 202 59
3 291 77
15 339 63
6 331 46
7 325 21
3 260 23
6 140 58
1 333 4
3 312 41
13 294 57
6 127 58
15 135 79
14 227 77
2 122 28
15 52 64
6 168 52
4 104 66
