6 57 32
9 120 41
7 350 43
9 132 28
2 120 43
3 170 3
8 134 12
9 120 37
1 383 49
7 122 12
0 134 37
7 361 56
1 135 25
9 60 44
3 387 72
3 122 35
0 172 8
8 133 36
4 130 19
3 121 36
2 245 5
2 287 50
2 132 21
4 127 30
2 126 20
5 347 53
5 90 20
0 126 33
0 123 36
8 170 4
0 130 37
0 134 34
7 65 24
2 130 14
9 349 36
5 133 20
8 154 3
5 246 41
7 122 20
2 132 32
2 344 13
1 126 20
1 123 12
7 354 62
0 237 36
4 257 47
5 127 16
2 123 37
7 135 29
2 129 19
7 121 42
7 132 33
4 126 19
6 362 23
5 21 69
0 234 12
2 397 36
6 387 33
7 32 54
8 171 15
5 102 70
7 123 32
4 126 20
5 121 33
0 121 20
9 128 25
3 128 15
7 11 71
1 132 36
4 127 22
3 126 26
0 133 42
5 341 71
8 222 77
1 121 32
9 136 29
7 152 59
9 136 16
3 123 37
5 123 12
1 96 40
0 122 35
2 136 22
2 130 26
2 136 16
0 136 26
5 120 19
5 136 29
4 124 33
1 7 12
2 276 43
0 269 74
2 128 20
1 129 25
9 369 77
0 124 19
8 177 44
1 379 21
4 123 26
6 133 26
4 219 69
3 246 41
9 397 49
6 134 26
0 137 21
6 128 15
4 334 69
2 143 53
0 95 79
3 134 35
9 122 28
8 388 30
0 250 26
7 107 6
3 38 64
0 124 27
0 136 41
2 128 37
2 136 19
1 124 22
6 344 31
1 296 38
0 397 53
0 27 63
4 134 29
7 385 23
3 94 45
5 134 37
0 229 71
4 350 18
3 136 28
6 124 20
5 124 19
7 124 27
7 42 47
7 253 46
9 133 26
1 272 69
4 374 70
1 120 21
0 76 76
6 214 77
9 227 51
7 165 35
7 91 14
6 132 12
1 132 22
8 125 38
0 130 19
1 127 11
0 127 15
4 120 26
5 331 77
5 163 1
2 135 11
5 126 11
1 378 14
5 135 12
7 122 25
8 128 19
9 6 2
4 133 12
1 132 21
3 132 23
2 128 22
5 300 50
7 126 32
7 242 79
0 129 19
3 125 28
5 87 52
2 201 17
7 377 57
4 218 35
2 136 14
8 132 75
1 135 36
4 87 33
3 30 2
3 127 16
7 336 29
6 136 41
3 136 15
0 86 47
2 332 76
6 195 60
5 128 18
6 136 19
5 239 37
2 140 44
7 252 31
2 1 36
1 120 19
3 384 11
9 134 11
7 220 17
4 67 69
0 122 25
6 243 26
7 134 30
0 122 36
8 61 67
0 166 69
3 162 67
9 325 71
1 128 15
9 126 32
7 167 23
1 126 36
1 134 12
1 4 62
2 124 19
9 323 50
3 111 70
8 6 43
7 136 14
0 132 37
6 169 5
9 126 22
4 134 26
3 121 33
2 208 40
1 132 27
6 128 16
0 127 16
1 214 3
9 310 59
1 322 9
8 128 33
1 36 24
6 161 24
3 122 32
0 126 15
8 224 18
0 325 24
1 121 25
3 318 40
7 120 12
7 130 18
3 297 33
9 126 15
9 133 61
0 134 20
2 120 11
7 330 27
0 134 25
2 128 19
9 206 40
7 136 36
1 319 63
0 83 66
6 269 74
8 132 20
6 129 26
9 335 64
6 288 72
0 322 79
1 120 23
9 110 79
9 123 21
3 129 36
8 129 19
6 89 71
6 127 25
8 70 18
6 135 67
5 383 60
1 201 51
3 132 22
3 307 61
0 24 57
9 393 12
4 132 26
8 225 65
9 121 32
8 122 36
0 124 12
0 348 9
2 350 40
0 217 48
1 28 20
0 126 26
1 134 21
1 123 33
1 133 20
2 134 41
1 106 54
0 120 26
7 348 61
3 136 14
4 366 17
4 135 41
9 123 37
1 276 12
8 121 54
9 134 26
4 98 47
1 207 32
7 132 39
1 123 25
6 147 48
1 316 9
0 346 64
9 129 19
8 129 36
9 262 67
2 124 69
3 396 29
8 156 30
6 134 33
8 124 23
0 257 0
6 136 23
0 283 30
4 124 32
9 126 20
7 127 36
8 127 11
1 127 22
2 136 36
4 120 23
2 120 44
5 95 4
3 134 12
8 123 26
3 378 38
1 133 36
7 124 19
8 136 22
7 35 71
0 103 38
5 304 71
0 128 20
4 134 37
4 121 20
7 161 2
7 136 15
9 119 55
6 352 46
8 39 24
1 23 54
8 289 11
9 246 67
2 124 13
0 130 27
1 111 16
6 172 3
5 135 21
9 128 30
0 314 25
2 126 19
4 142 21
1 129 30
0 134 28
4 21 44
2 224 63
3 363 48
7 128 21
2 93 78
0 128 19
0 122 34
3 28 45
6 122 20
7 206 67
8 347 7
8 122 12
5 120 41
5 325 22
1 126 32
7 128 32
0 126 12
0 238 15
8 133 36
2 151 39
9 122 41
5 363 43
3 135 36
5 332 77
8 134 28
3 173 67
1 315 16
7 102 41
0 95 10
2 150 66
4 317 60
3 133 11
7 126 16
2 128 32
1 122 12
7 300 20
8 121 32
6 130 14
6 121 26
3 230 55
6 132 21
3 21 24
1 68 39
2 369 62
7 241 40
0 120 23
1 126 27
7 128 12
3 16 72
4 124 41
2 120 21
6 135 20
2 215 7
3 6 1
2 120 28
9 244 61
9 335 53
6 121 20
7 118 29
0 124 18
2 136 28
0 341 5
9 106 62
3 128 36
2 124 32
6 194 42
5 8 19
7 245 58
3 129 60
2 134 29
0 124 33
5 182 30
2 168 33
9 120 36
5 133 36
3 124 18
3 136 27
9 122 26
4 136 13
6 133 12
8 6 52
6 129 12
2 132 18
4 169 6
4 306 18
2 135 20
1 197 54
3 131 0
7 3 21
7 178 70
0 120 28
8 127 34
4 133 41
9 317 78
4 121 37
2 351 53
4 124 37
8 169 56
0 144 1
0 286 64
9 285 3
7 96 16
6 136 42
1 243 9
2 274 72
8 294 64
4 46 7
1 9 10
4 128 22
5 387 61
9 2 25
3 355 75
3 129 29
0 129 33
4 129 16
1 377 57
7 93 9
5 240 22
8 124 37
3 170 49
9 128 36
8 271 62
7 18 60
5 134 42
6 124 12
5 333 25
0 303 19
4 136 36
2 124 21
0 336 53
5 130 12
2 135 33
7 123 11
1 133 41
1 132 18
1 206 49
7 124 11
5 136 23
6 133 11
9 172 26
0 124 20
8 120 42
4 301 12
7 126 29
8 71 49
8 120 11
1 49 11
0 132 18
6 126 11
2 134 42
2 314 33
1 204 42
1 288 10
6 122 28
2 134 33
4 65 3
4 154 11
2 360 4
3 135 42
9 323 63
3 127 26
9 99 76
3 124 26
6 128 33
7 363 76
4 218 33
6 98 78
1 127 19
4 136 22
6 361 57
5 343 54
7 230 21
6 123 32
7 57 21
0 126 27
8 286 65
4 83 8
5 234 78
2 135 26
4 127 26
4 129 32
7 135 21
7 329 47
2 122 20
7 126 20
5 155 5
6 313 40
0 164 14
0 23 4
1 129 16
5 130 36
4 374 34
8 141 28
1 161 34
1 132 32
4 124 27
1 136 27
3 11 29
9 120 19
8 126 28
0 20 74
8 128 29
8 123 42
3 45 39
4 100 68
2 127 11
9 375 5
0 126 32
3 132 11
4 120 28
3 129 26
2 80 25
8 53 59
8 135 30
0 124 41
2 391 29
2 120 23
2 180 17
2 377 56
3 12 77
2 243 78
6 69 8
6 168 37
2 130 18
2 54 11
2 16 12
3 124 41
3 35 68
5 126 33
3 27 4
2 331 75
8 116 46
1 395 11
1 123 42
4 398 69
9 134 28
7 357 46
1 40 68
6 124 26
0 136 20
5 92 48
4 121 36
0 128 18
4 246 72
7 135 33
4 132 12
8 117 10
8 126 33
9 353 16
0 134 20
7 132 32
6 124 36
1 206 36
2 47 25
5 96 30
4 63 38
1 129 15
0 84 1
3 342 56
3 145 32
4 278 10
6 334 2
6 133 33
3 136 33
6 94 64
6 122 30
6 128 11
1 127 33
8 368 23
4 128 26
6 363 42
7 136 13
3 249 43
0 17 51
3 133 12
0 343 58
0 288 32
8 128 35
1 123 21
7 344 53
8 128 22
8 134 30
0 0 36
1 274 5
8 110 76
3 116 36
2 133 42
8 55 63
9 280 48
8 376 1
8 174 52
9 123 51
7 198 17
0 136 15
5 78 41
2 152 41
2 130 15
6 82 36
2 120 12
5 112 59
9 382 63
0 352 44
0 127 30
6 126 20
6 3 39
1 332 32
2 135 30
4 136 18
7 127 34
6 132 41
8 206 66
4 392 63
5 382 41
4 302 47
8 136 27
1 223 14
2 134 26
2 129 33
6 136 27
7 126 21
0 127 11
5 43 43
7 70 65
3 276 52
9 7 58
1 123 37
5 118 3
1 130 28
3 269 25
7 304 44
5 122 11
6 130 18
7 129 15
2 134 11
5 136 26
6 396 29
3 123 26
7 131 54
9 75 6
5 136 16
2 91 17
9 391 41
9 265 36
1 201 45
2 247 7
5 128 16
8 140 25
4 77 51
0 133 32
4 203 35
9 385 59
3 128 18
2 298 2
5 124 23
4 136 42
4 134 21
4 128 20
4 243 55
0 128 15
1 120 40
7 124 16
8 209 3
0 6 43
9 134 32
5 124 29
2 229 29
4 183 37
2 124 12
2 34 25
2 6 37
4 124 26
7 127 12
8 304 2
7 122 41
8 222 26
5 132 32
1 106 37
0 361 78
1 124 12
2 132 36
8 129 26
4 19 54
9 134 37
3 203 15
3 132 23
6 72 17
9 94 35
2 84 44
7 132 28
8 259 53
0 157 68
4 189 4
8 19 77
2 391 69
8 137 38
8 132 36
3 127 11
3 123 32
4 208 14
9 122 35
7 316 26
6 374 37
2 128 29
0 128 21
0 123 21
2 357 66
3 128 29
7 85 49
4 124 19
6 230 27
5 238 79
2 124 28
8 350 48
4 290 60
2 395 15
1 377 78
9 128 15
2 83 22
3 150 13
0 235 34
1 0 42
2 140 36
7 132 36
0 135 12
6 122 34
4 101 76
5 127 30
1 124 11
4 97 36
0 123 25
3 36 9
6 366 47
3 20 45
1 215 52
9 137 22
9 177 36
8 316 17
3 135 33
3 124 27
1 368 48
7 136 29
5 136 41
7 128 20
1 343 52
3 122 36
9 104 12
5 277 9
1 285 57
8 281 78
7 120 18
5 391 66
2 367 20
1 69 79
6 162 0
8 237 75
5 141 10
5 127 34
2 132 26
4 133 33
9 15 75
6 122 32
0 129 26
7 130 32
4 120 22
3 84 65
4 55 75
0 130 33
1 132 28
7 387 7
7 172 50
8 126 12
9 261 51
8 121 37
0 64 37
6 129 30
7 181 73
6 129 18
9 399 77
7 133 55
8 166 79
8 346 42
2 122 21
3 133 33
0 308 56
9 268 1
1 141 7
3 122 41
3 222 21
5 120 21
9 383 2
2 372 27
5 122 36
1 120 36
9 377 75
9 134 35
5 126 20
9 144 68
8 129 12
6 128 36
3 128 20
3 134 26
2 132 43
5 49 10
2 364 10
0 151 57
6 51 51
0 215 5
4 382 65
6 206 20
1 126 21
0 377 2
1 124 41
1 126 19
5 132 18
8 124 29
6 122 12
1 305 36
0 121 41
2 140 27
8 129 29
0 132 20
9 124 11
2 132 37
3 129 33
3 127 33
9 320 40
9 195 64
2 131 24
0 136 42
5 54 44
1 127 18
7 41 67
5 128 30
1 381 55
7 344 37
8 282 75
9 124 21
3 126 37
1 192 17
6 135 29
8 38 71
0 133 20
7 288 36
4 225 57
6 129 16
3 120 43
2 120 22
6 124 13
2 280 17
5 136 14
4 355 73
6 348 71
2 132 42
1 42 65
0 240 19
4 355 79
1 194 55
8 238 51
9 120 11
0 167 1
1 120 33
4 20 8
2 59 68
9 264 7
6 60 18
3 123 20
9 123 29
5 136 22
1 128 35
8 121 41
6 128 30
4 204 3
8 135 41
6 134 21
7 344 25
2 155 44
1 267 50
5 134 34
9 121 11
4 69 38
5 129 29
6 129 29
0 311 1
2 38 73
1 40 29
7 358 42
1 127 25
3 31 13
0 120 29
5 126 18
4 18 74
8 134 36
5 2 30
5 122 21
7 345 65
4 124 23
0 45 64
6 333 39
7 124 33
1 12 64
9 183 43
8 285 35
5 128 32
4 191 4
4 237 74
5 301 13
8 133 13
5 136 33
1 134 42
6 261 52
6 360 57
8 325 58
9 132 44
1 133 26
6 123 21
8 174 60
4 316 67
7 120 19
6 127 15
6 126 12
7 128 29
2 132 11
2 270 44
7 276 72
4 56 4
6 355 35
8 136 41
4 125 21
6 123 26
4 197 26
4 133 32
7 133 42
8 345 17
7 253 22
5 133 42
6 127 29
5 189 61
5 135 26
3 211 52
5 124 28
7 123 42
3 136 36
9 96 70
0 313 16
4 136 37
7 88 66
1 65 32
4 136 29
8 126 19
1 136 36
1 132 33
4 127 12
8 128 7
8 126 36
2 291 43
9 120 26
1 260 53
9 124 22
5 134 25
2 209 22
9 237 15
7 43 42
1 183 3
1 132 44
1 98 60
9 129 36
2 124 23
9 248 40
9 136 15
1 124 16
2 230 55
9 133 21
8 82 26
7 294 15
4 295 46
1 135 29
6 120 39
3 2 22
6 110 52
9 259 9
7 247 61
6 396 48
7 120 40
2 353 48
2 124 27
7 16 49
7 133 33
8 389 41
3 268 17
7 92 58
4 127 36
6 130 13
2 121 36
2 59 77
6 4 52
0 128 11
8 128 32
8 221 51
5 120 40
5 237 77
8 302 58
8 122 11
4 135 42
4 134 36
6 7 34
7 264 79
8 123 21
1 122 26
7 120 52
2 128 21
8 63 15
0 222 43
7 129 29
1 363 31
6 342 77
7 375 25
4 126 27
2 309 45
6 16 65
0 122 11
3 122 33
7 234 1
1 134 36
9 120 27
3 131 76
6 175 33
3 108 34
2 276 75
6 110 69
9 130 15
8 252 24
5 123 33
5 390 52
8 134 25
0 86 71
0 33 33
1 50 75
5 199 60
6 350 8
7 110 30
1 136 13
0 337 53
1 120 12
4 93 44
5 121 12
8 124 41
9 135 41
8 120 37
9 81 48
7 327 37
7 84 78
2 126 36
0 254 19
0 398 51
5 127 32
3 370 32
4 106 52
4 48 39
9 390 35
9 128 22
1 322 64
3 390 39
4 241 18
3 56 38
3 129 37
1 33 34
2 118 35
4 43 21
1 245 61
4 331 13
6 130 15
4 144 64
6 296 51
6 132 43
2 44 52
3 353 73
8 120 29
5 133 41
0 240 70
9 134 41
0 181 27
8 132 42
0 337 58
2 293 40
2 320 58
3 23 31
0 133 33
0 124 21
1 252 53
4 66 61
8 130 13
8 126 22
1 134 37
6 128 18
3 130 13
8 120 22
2 124 16
1 120 44
0 128 25
3 214 7
7 121 20
8 371 12
7 301 15
0 185 57
7 355 12
9 191 18
3 124 36
2 123 26
2 126 32
8 276 78
1 122 30
6 124 15
3 150 79
7 307 40
1 132 19
9 136 36
9 127 32
1 160 41
2 216 43
4 123 20
9 213 38
7 345 75
0 57 66
1 232 52
7 120 33
0 154 62
5 118 34
0 132 42
3 126 62
6 109 77
3 86 46
4 136 14
5 88 9
0 179 73
0 335 7
3 337 73
8 120 23
4 132 40
6 128 29
8 128 20
4 135 11
2 135 36
3 132 42
4 122 12
7 270 76
7 66 45
8 117 63
6 132 29
6 219 76
0 135 41
6 326 21
4 65 6
0 121 11
3 162 24
5 132 23
3 270 27
8 173 61
4 122 35
3 126 18
0 69 11
4 210 35
0 127 18
5 136 36
5 120 18
8 202 39
5 128 22
2 124 37
9 320 68
0 235 64
5 14 8
6 123 20
2 161 25
8 124 16
6 121 42
7 278 21
8 135 20
8 120 12
4 128 18
8 10 28
0 72 37
7 266 78
3 121 32
5 135 33
7 300 12
9 129 18
9 360 21
1 122 32
5 129 37
1 146 2
9 231 75
4 124 18
1 213 8
9 58 40
9 121 26
8 135 32
6 109 35
9 128 18
2 132 44
1 379 14
1 268 38
8 140 44
0 136 33
9 128 5
4 123 29
3 60 30
3 134 20
7 135 30
8 394 1
4 127 18
0 126 16
3 120 39
2 124 11
9 74 79
7 121 37
8 134 42
5 134 11
6 308 36
3 132 41
3 171 35
4 20 76
1 198 35
9 178 33
7 281 28
1 127 12
0 124 29
9 120 32
8 126 19
2 124 36
7 139 69
6 315 14
8 292 26
5 128 37
2 394 51
9 154 39
0 132 11
2 222 22
3 120 18
4 37 64
0 133 21
6 356 58
1 132 20
9 38 61
7 142 68
4 129 11
7 127 18
4 134 34
2 112 46
8 122 33
9 130 26
0 123 42
5 204 25
4 126 16
0 364 65
1 129 32
2 245 76
0 54 29
8 129 37
9 124 29
8 361 70
5 293 21
5 288 52
3 252 17
2 113 33
6 52 71
8 350 17
7 124 12
2 129 12
9 371 67
1 320 50
2 124 41
1 211 14
2 130 28
8 4 12
0 120 42
8 311 75
9 398 23
8 30 2
8 126 46
8 147 46
3 243 2
2 119 10
5 123 30
4 125 78
4 26 69
7 332 55
5 193 52
2 103 27
4 226 6
6 121 11
1 122 42
4 120 27
5 205 33
6 190 64
9 86 22
6 249 52
2 132 33
8 88 36
4 123 36
5 128 11
4 122 26
3 177 5
0 127 22
8 128 36
7 338 49
5 120 32
3 53 76
9 247 12
8 199 33
4 124 13
3 122 37
5 140 8
5 132 33
8 130 29
4 196 44
0 133 26
3 291 59
1 165 38
8 141 66
2 97 2
5 303 24
6 200 40
2 123 25
5 124 18
1 205 12
5 146 14
2 186 16
7 257 54
4 379 69
3 242 4
5 168 41
2 127 16
2 122 32
3 52 44
8 143 19
1 108 25
4 123 42
4 134 33
4 123 13
4 263 69
4 340 35
6 178 29
7 122 29
1 121 33
3 369 30
5 236 67
5 179 29
9 32 1
7 48 65
6 191 33
3 234 47
5 394 31
8 57 69
0 136 32
9 132 29
1 283 32
5 187 42
9 133 41
8 124 12
1 124 14
4 16 16
4 123 30
1 75 34
6 120 44
7 122 36
8 136 36
7 129 19
9 120 28
1 127 16
3 132 29
3 120 23
1 198 20
6 123 41
0 261 65
2 128 36
2 122 26
5 359 5
7 126 33
7 123 20
9 126 16
7 132 27
4 129 36
1 118 15
1 120 29
4 120 39
4 202 28
2 300 53
6 124 22
6 203 71
4 327 13
6 123 30
8 132 43
5 99 62
3 123 33
6 132 20
3 120 40
8 60 31
7 133 21
0 127 12
2 182 70
7 128 18
6 3 2
1 150 43
7 18 40
6 385 57
3 25 68
9 121 20
5 154 25
8 109 26
4 389 79
8 253 22
3 120 41
8 323 9
1 130 12
8 375 73
0 132 19
1 367 26
6 49 25
7 136 42
9 55 14
4 136 62
4 372 31
8 193 70
8 124 22
9 219 39
7 122 21
2 123 32
7 264 37
7 122 11
6 122 36
3 302 30
9 1 24
0 236 63
8 288 59
7 377 66
9 391 68
1 61 26
3 191 51
0 122 29
9 125 40
6 313 73
8 132 33
2 323 6
4 92 79
1 159 53
6 255 50
0 303 35
6 21 71
7 136 19
4 67 78
9 242 73
8 212 43
8 135 13
0 124 16
7 381 37
7 132 23
2 130 32
4 136 26
6 66 0
1 391 70
6 36 19
9 20 73
5 385 55
8 224 6
6 132 18
7 24 0
7 124 42
9 129 33
0 134 35
3 50 34
0 36 79
4 128 35
2 324 18
3 136 21
7 133 12
2 122 11
8 85 25
0 132 27
3 15 37
3 162 4
2 122 35
0 132 21
5 130 37
4 341 54
0 132 40
2 122 37
0 94 73
4 130 26
8 122 37
9 13 16
6 135 32
8 122 10
1 252 3
0 121 37
2 124 20
8 129 33
4 318 67
3 130 12
1 130 18
2 136 29
2 140 65
2 393 44
5 136 12
3 135 41
0 113 31
3 128 35
4 323 31
8 179 77
6 122 29
1 121 36
7 132 18
1 126 15
2 130 29
7 374 65
9 96 67
9 107 71
8 136 12
6 134 41
1 385 79
1 127 35
0 122 41
5 111 66
3 132 37
4 133 26
3 136 18
6 120 28
8 130 11
3 134 32
4 156 30
1 263 38
8 318 3
5 8 61
5 126 29
7 367 15
6 134 29
5 362 35
1 115 19
6 372 3
4 248 61
1 369 48
9 156 15
1 122 29
9 392 0
1 124 20
5 56 18
7 214 53
6 134 25
5 44 24
9 30 36
3 124 19
8 277 51
3 129 16
3 136 22
0 184 29
0 197 63
1 120 27
0 240 30
7 132 22
1 366 19
3 166 45
6 153 55
0 381 9
6 91 56
7 135 12
8 23 72
3 48 29
5 150 53
7 163 60
3 134 34
8 360 16
1 199 67
4 83 50
5 7 46
1 109 46
9 7 11
7 120 20
7 128 11
1 321 27
0 122 21
9 126 11
6 168 2
3 159 79
4 212 45
3 120 44
4 135 25
8 120 43
5 130 13
5 239 55
8 122 25
1 183 27
7 132 41
2 303 50
8 36 4
2 255 60
8 175 57
3 126 28
7 48 45
2 121 33
4 296 12
7 325 26
0 135 37
9 132 42
5 113 74
1 337 63
3 254 13
5 126 28
0 370 75
2 29 20
9 128 19
4 185 76
9 377 13
8 129 32
4 129 25
3 204 7
0 181 21
3 142 55
6 128 37
5 136 28
0 33 44
9 251 34
1 124 21
0 9 14
7 78 67
8 134 11
7 122 32
2 37 21
8 11 44
4 386 47
6 240 34
0 284 13
2 121 11
2 134 36
8 41 29
5 86 47
6 135 33
3 128 26
3 128 30
9 44 54
9 31 31
0 124 37
2 79 74
5 123 32
1 378 7
1 124 13
7 136 18
7 379 34
1 306 70
2 124 42
9 127 25
1 104 25
8 390 32
4 50 19
6 133 37
6 250 74
4 253 61
2 117 20
5 46 9
2 202 9
9 276 3
5 92 54
6 128 25
6 132 26
3 30 32
1 133 11
1 136 33
5 299 73
6 9 42
4 286 19
4 254 2
2 120 19
9 134 36
5 231 24
7 252 32
4 167 30
8 134 26
4 280 75
8 33 65
2 56 74
6 297 34
5 130 33
4 121 25
3 328 15
6 120 11
5 353 55
0 166 46
4 124 36
3 188 75
3 284 24
9 132 18
1 135 42
8 13 8
7 126 27
4 122 28
5 160 2
8 368 24
5 130 19
4 130 33
9 123 32
2 134 34
7 124 18
9 255 16
1 44 8
7 46 1
7 136 11
9 341 54
7 128 16
5 167 43
7 201 71
0 135 30
6 227 52
7 126 37
5 122 25
9 187 56
9 121 36
4 43 25
0 127 34
0 347 52
3 124 33
1 153 44
8 135 33
3 136 29
9 136 12
4 53 75
3 114 55
7 123 33
0 130 36
1 128 11
6 93 23
5 135 36
2 120 33
7 50 36
8 123 12
3 56 28
3 128 25
6 121 33
8 136 19
0 339 70
5 127 37
0 373 21
1 203 72
5 133 21
2 311 24
8 42 15
6 145 70
1 120 32
8 130 14
3 326 9
8 328 13
4 335 45
4 67 45
8 128 37
6 107 67
7 121 12
7 154 16
7 14 59
6 32 8
5 132 20
9 61 46
5 128 20
8 187 71
6 34 0
9 70 15
0 130 29
8 132 37
2 129 18
5 124 14
6 128 12
2 186 49
0 257 3
9 128 26
1 333 74
3 335 48
2 134 32
3 120 27
6 136 16
3 135 29
6 344 67
4 135 29
2 362 64
5 120 22
0 129 12
8 367 7
0 228 71
9 84 51
9 33 29
3 205 37
4 325 8
3 124 32
0 136 19
8 308 33
1 120 43
7 391 42
9 120 18
6 113 11
3 127 34
1 240 70
7 130 29
3 135 37
1 282 60
6 134 34
0 121 12
3 92 26
6 122 25
5 128 35
3 121 41
6 163 66
9 122 20
2 135 21
5 122 30
5 23 67
9 87 22
7 5 24
6 124 11
8 130 26
7 188 64
0 132 33
4 132 37
1 46 7
7 123 47
3 130 36
4 129 30
9 123 30
9 126 18
0 234 32
8 133 33
8 361 54
9 129 25
5 123 41
6 127 26
2 228 42
6 297 5
0 372 56
3 330 61
2 122 41
6 120 20
2 273 74
2 124 22
6 345 67
6 127 12
5 277 60
9 132 41
0 128 26
8 136 28
9 124 12
0 141 72
4 126 11
8 134 20
4 306 8
5 376 71
4 311 16
9 249 37
9 128 32
3 132 32
8 83 2
4 132 27
3 121 37
6 359 79
4 182 37
1 121 26
2 340 78
1 317 20
5 126 22
0 136 11
3 0 63
7 59 64
0 135 11
6 131 22
4 191 57
4 128 21
0 290 71
4 134 62
8 132 11
3 134 21
9 136 20
2 228 65
1 215 70
2 154 39
2 136 18
2 129 26
4 121 41
7 122 35
0 122 37
4 136 23
2 248 41
2 2 48
7 135 26
5 126 19
5 176 3
0 136 28
9 376 2
9 130 18
1 135 32
3 154 31
9 94 49
5 186 78
5 127 25
6 134 35
0 120 19
4 130 14
6 124 14
7 133 37
8 322 79
2 121 21
5 35 71
4 133 21
3 136 42
9 250 45
8 23 52
0 79 11
8 78 18
0 14 43
1 203 5
1 134 32
0 134 33
9 134 33
5 127 23
5 136 21
8 76 18
1 132 37
5 314 62
8 270 58
7 98 34
4 124 16
9 325 14
1 389 2
9 207 45
6 136 79
3 35 15
2 264 14
8 123 69
7 398 29
9 126 33
8 248 16
0 123 33
6 129 15
6 130 26
3 124 20
8 135 12
9 129 12
6 136 29
1 83 31
4 122 29
0 185 57
1 139 11
3 136 16
5 295 4
2 136 11
4 382 36
1 134 28
5 134 26
9 129 16
1 130 14
6 123 42
6 205 51
6 353 5
8 126 32
3 119 2
5 126 32
6 94 55
8 135 42
7 89 12
9 159 73
9 337 35
9 138 7
1 292 36
6 347 77
9 136 41
3 180 62
3 129 12
5 313 17
0 134 21
7 347 39
4 127 32
2 157 12
1 126 28
9 136 33
4 26 12
2 177 53
5 187 30
2 123 20
9 357 51
1 124 15
6 378 77
1 230 49
3 134 25
9 287 24
3 120 26
7 311 79
3 142 76
2 103 15
3 172 14
3 134 41
1 354 45
7 223 71
8 174 61
9 120 22
5 126 27
7 359 56
5 14 23
3 133 32
2 79 76
2 26 78
7 138 61
4 131 44
6 133 20
4 142 23
3 127 15
1 135 26
8 120 21
2 133 11
6 266 77
3 85 44
6 212 23
0 58 66
4 367 59
8 391 12
1 48 14
3 37 3
8 132 40
4 365 43
7 109 18
5 58 69
4 134 35
2 127 33
5 244 79
0 124 13
0 214 48
3 124 29
7 41 63
6 136 13
5 238 45
2 126 26
0 134 32
0 139 13
4 294 25
8 46 70
5 120 23
0 122 30
8 120 44
8 130 19
3 371 51
3 124 12
7 123 29
3 350 40
2 136 23
8 134 37
6 167 40
2 197 31
4 120 42
8 255 47
6 132 47
7 135 36
2 124 33
1 152 79
7 127 44
1 206 72
1 122 35
1 71 4
3 278 15
2 17 44
5 134 29
7 136 32
1 132 39
7 121 25
2 129 37
7 359 6
5 4 3
9 130 13
6 128 35
8 145 47
4 141 69
1 95 23
8 42 22
1 330 51
8 7 35
8 257 15
5 394 54
5 133 32
5 85 14
6 120 42
4 122 20
0 130 18
3 158 46
8 39 13
8 130 27
4 290 28
4 129 37
3 211 65
9 121 42
3 65 52
8 126 37
4 154 67
8 352 12
6 309 68
6 167 75
3 171 48
3 127 36
6 369 45
1 261 68
8 136 26
3 122 34
4 42 39
5 193 37
2 362 15
5 313 52
2 268 35
8 124 18
8 72 31
7 88 11
0 112 62
0 269 79
0 127 36
5 123 26
7 134 37
2 360 34
9 126 37
6 126 22
4 121 11
2 141 55
4 128 16
2 388 29
6 12 66
0 122 28
5 6 68
2 122 42
6 135 11
5 124 13
0 136 14
4 115 48
9 126 28
3 162 42
4 249 10
2 129 25
7 136 20
7 39 74
8 120 41
7 87 11
5 120 26
9 61 0
8 175 21
7 258 67
0 139 53
0 133 12
3 134 36
1 126 44
9 124 53
2 134 28
2 123 29
0 175 6
6 130 33
7 130 33
6 50 7
5 194 56
5 217 35
1 134 20
0 146 64
3 120 28
3 22 30
6 132 27
7 399 12
5 366 28
4 251 59
9 133 37
6 130 37
9 329 16
0 299 32
4 120 18
2 248 55
7 120 39
5 121 37
3 241 40
1 136 32
6 333 4
8 123 32
7 11 48
8 120 39
2 29 33
4 0 15
0 346 36
3 39 52
5 136 42
1 130 29
7 31 59
7 290 52
9 124 26
8 101 9
7 313 20
2 122 28
9 172 24
0 134 41
2 192 63
7 120 37
2 230 54
4 124 15
7 132 43
1 141 28
9 52 41
5 128 26
6 223 60
1 354 11
1 128 30
5 134 21
2 312 4
0 123 37
8 132 21
6 135 26
8 168 34
2 120 20
7 134 26
2 129 36
2 168 68
8 9 29
7 125 19
7 147 28
0 298 3
5 319 36
6 174 13
4 129 12
6 38 21
3 185 61
5 128 21
1 132 23
4 363 41
6 128 22
5 20 51
8 133 32
7 124 14
8 77 45
9 229 35
4 326 66
1 372 14
1 316 50
4 128 15
9 92 35
3 218 26
1 212 68
8 327 26
5 372 3
8 122 32
5 268 1
3 322 37
7 136 42
2 294 20
7 277 61
2 127 34
5 122 20
0 126 29
7 252 35
3 21 52
3 122 26
7 136 21
7 103 43
2 173 10
4 160 48
0 338 20
1 28 45
8 135 37
8 129 30
7 313 14
9 372 25
3 126 21
1 128 36
5 254 17
4 214 68
9 133 11
9 23 8
1 124 28
3 127 22
1 114 38
0 192 56
8 63 5
5 132 19
3 260 37
0 81 28
6 120 59
1 65 18
1 121 12
7 128 36
9 186 30
3 130 14
4 248 6
6 185 65
9 132 37
3 123 29
3 120 20
7 126 36
5 129 56
7 120 42
3 132 28
0 197 12
4 127 11
2 132 12
7 167 27
6 134 36
2 290 26
9 129 37
1 33 23
8 132 26
4 317 78
0 88 20
7 111 27
1 358 22
8 121 36
7 121 11
0 124 15
6 127 34
0 109 62
0 117 10
6 127 19
2 126 37
8 132 44
1 2 58
1 124 19
8 133 20
2 122 36
6 121 41
5 126 16
5 121 21
9 216 32
8 123 25
3 380 9
4 126 18
0 297 19
1 120 11
9 279 60
3 135 12
1 126 26
4 72 78
3 56 33
9 130 19
6 121 36
6 250 52
8 254 50
0 123 30
5 130 27
9 127 37
3 304 49
3 99 28
2 364 20
3 106 75
1 248 13
9 0 47
5 170 41
0 205 0
1 134 25
5 339 27
4 82 13
0 130 28
0 289 16
8 130 33
7 126 12
4 184 48
7 181 38
3 89 36
3 126 20
9 22 75
9 135 11
9 299 2
0 121 26
5 124 11
5 13 24
2 37 16
7 127 16
3 124 13
7 255 22
5 27 22
4 77 12
8 133 11
3 121 26
0 132 44
2 89 49
8 135 26
4 129 18
3 126 29
3 224 76
2 199 28
3 224 26
5 295 26
3 134 33
5 351 30
6 124 32
3 130 27
9 218 52
0 53 76
1 230 59
4 219 18
4 256 74
4 297 40
2 140 13
0 130 14
3 127 12
1 310 11
1 136 23
7 133 41
9 124 27
2 127 30
7 57 73
8 144 48
8 127 36
0 62 69
8 178 2
2 127 12
0 129 15
9 92 7
1 394 18
6 341 58
0 123 26
6 48 21
8 136 18
6 123 36
2 129 15
0 120 40
7 159 78
4 338 2
0 129 11
2 320 20
8 124 11
6 70 37
3 222 41
4 127 25
8 136 29
7 123 30
0 288 77
3 129 15
4 132 42
9 236 15
2 378 51
1 130 37
5 265 74
4 210 74
0 141 23
9 130 29
3 56 30
3 121 11
5 64 57
6 124 29
6 194 54
6 56 33
7 207 62
3 123 21
0 122 32
8 279 36
1 231 58
8 310 34
1 170 39
2 124 14
2 129 30
4 125 12
1 301 19
3 62 31
3 136 41
4 265 76
1 325 74
4 126 22
8 154 55
6 135 4
9 130 37
1 92 54
8 120 20
8 238 68
0 268 37
6 127 37
3 370 30
2 132 22
6 126 27
6 122 33
2 237 2
6 21 48
5 133 11
5 129 36
7 20 54
0 132 32
8 22 45
9 132 33
7 123 36
2 163 47
0 42 43
0 123 29
7 227 30
7 263 33
9 256 23
0 261 2
0 126 28
9 130 27
6 207 38
5 120 27
1 57 3
9 188 78
2 133 21
4 14 62
4 134 42
9 335 31
6 123 37
5 123 11
5 136 18
1 130 19
2 136 41
1 128 25
1 192 48
0 293 26
7 130 37
0 77 28
1 126 37
5 123 25
9 121 33
8 267 57
3 127 30
4 132 41
7 132 42
4 124 29
4 130 15
7 128 35
3 207 4
7 394 44
3 68 71
5 132 39
6 132 11
1 127 34
9 34 7
8 72 65
3 44 36
5 310 77
4 128 29
1 141 33
0 132 36
6 191 56
2 121 41
8 134 21
1 184 21
1 83 55
8 261 16
8 286 55
1 105 47
4 211 25
5 136 20
6 134 20
6 238 35
8 127 37
9 132 43
0 87 53
8 33 49
0 4 46
9 110 37
7 66 69
9 133 36
9 176 5
2 134 20
2 81 48
2 121 25
1 241 70
3 202 0
5 132 22
6 120 33
9 128 12
8 120 36
8 124 13
0 368 35
8 128 25
4 124 42
6 256 5
2 173 18
8 177 36
3 128 22
3 79 25
4 58 13
6 116 57
8 317 37
0 46 67
2 129 32
2 134 35
4 360 30
9 121 37
6 124 41
6 73 66
7 304 33
1 136 19
9 381 8
8 380 42
1 20 53
4 121 32
1 121 42
5 366 24
7 120 29
8 389 7
1 124 36
9 126 27
4 378 78
2 364 18
0 106 37
8 205 64
0 23 73
6 216 51
4 132 33
5 136 37
4 126 37
4 267 10
6 200 35
6 388 24
5 124 15
3 120 42
6 130 29
0 124 32
6 132 39
0 27 41
0 133 32
6 126 21
3 292 4
9 66 67
1 132 11
9 381 6
9 135 26
6 122 35
2 163 53
5 133 12
7 127 15
3 281 19
6 30 44
5 132 27
8 207 18
8 129 25
8 217 16
0 308 16
0 132 12
4 124 22
3 46 68
0 359 18
3 371 33
2 135 42
4 128 32
1 370 50
3 129 30
5 293 37
0 239 35
4 101 3
9 124 16
7 134 42
0 57 8
6 122 41
3 156 59
9 190 23
9 157 4
9 136 14
7 127 32
4 127 23
9 136 23
9 136 19
3 120 29
7 9 39
9 97 32
5 127 19
7 126 18
7 122 34
2 317 19
5 312 36
4 379 19
7 399 8
6 133 25
0 177 21
4 169 6
7 30 63
4 3 5
7 120 41
2 310 66
3 166 62
4 126 31
4 126 40
0 120 37
7 132 26
1 42 77
6 95 0
7 32 22
2 376 78
5 158 4
3 30 36
4 130 36
8 134 29
1 130 15
4 120 43
2 126 33
0 357 3
1 116 49
0 26 65
2 37 79
9 209 18
8 17 55
9 132 21
1 312 75
9 318 53
4 57 47
1 127 32
7 208 21
0 164 18
4 128 25
8 135 21
1 8 36
4 377 29
2 17 47
9 169 56
9 57 16
4 107 39
1 136 18
8 292 17
9 136 28
4 386 62
9 122 30
8 219 17
0 133 11
9 189 12
6 111 16
0 136 23
0 122 12
5 123 20
0 324 64
2 313 65
3 261 79
3 295 71
4 362 13
5 27 67
5 132 11
3 394 40
4 46 37
8 85 77
2 143 69
0 120 27
7 333 16
8 122 34
5 126 26
0 100 18
9 127 30
7 326 50
7 134 34
3 246 76
2 132 28
1 70 12
9 127 29
0 205 49
4 375 45
8 128 30
6 129 32
9 252 18
0 130 32
2 81 55
6 136 20
1 216 67
7 351 39
6 126 29
0 17 32
4 140 5
4 132 23
8 127 12
9 237 48
9 245 40
2 287 10
7 339 65
9 325 23
7 124 15
5 126 36
1 6 37
7 376 73
0 13 56
9 298 24
6 243 14
3 133 25
9 271 65
0 114 5
1 349 46
2 258 67
6 270 12
0 120 18
6 240 0
9 120 33
0 45 28
8 136 37
6 248 7
3 120 21
5 150 6
8 250 14
6 298 47
8 224 5
2 130 36
1 121 21
5 13 69
6 132 32
2 121 12
3 302 79
1 135 12
6 122 21
4 129 26
2 132 8
0 120 44
3 350 12
6 347 15
5 243 64
2 207 9
0 135 29
3 363 48
2 361 65
8 133 25
5 133 25
3 122 20
9 179 25
8 120 27
6 120 37
2 128 12
6 135 21
1 135 21
9 128 20
6 136 28
0 120 20
3 266 57
6 47 14
4 145 7
9 134 12
5 118 72
3 138 68
9 11 59
9 120 20
6 108 33
6 130 19
7 392 60
2 59 65
3 133 42
6 133 42
9 135 21
9 370 40
7 259 32
9 126 36
4 123 25
4 276 21
1 126 29
7 122 26
0 284 49
4 120 11
3 124 11
3 124 16
0 136 27
2 130 12
7 136 27
0 135 20
3 294 28
4 128 22
7 260 65
8 327 2
4 127 73
1 269 23
4 117 59
1 122 28
2 226 16
5 126 37
5 356 11
1 187 6
2 1 46
1 122 33
6 127 16
2 126 22
2 186 74
0 333 1
4 235 43
4 127 19
9 122 42
3 260 28
2 122 29
5 130 18
4 134 32
2 136 32
9 135 42
6 120 29
2 123 12
3 122 25
1 145 44
1 276 69
1 136 22
0 24 21
9 161 35
1 357 50
9 68 59
4 256 56
3 268 39
7 130 13
2 136 20
0 120 22
4 23 66
8 122 29
0 134 42
8 122 42
0 130 13
6 126 18
6 123 29
7 82 52
5 191 32
7 250 48
7 129 16
5 201 21
7 120 32
9 134 29
5 185 25
3 128 12
7 0 26
8 124 26
3 358 48
9 121 25
3 58 5
5 122 12
7 128 30
5 216 4
5 344 31
7 146 69
1 135 20
0 222 67
5 371 54
9 132 27
7 312 37
7 127 33
8 87 32
2 240 17
9 127 23
3 211 16
0 124 11
1 106 53
0 183 3
3 136 11
6 270 32
6 106 10
4 344 44
7 132 12
7 124 41
2 42 55
6 211 70
0 87 18
9 128 33
7 129 12
8 122 30
0 36 9
6 371 72
6 124 26
0 382 0
9 132 19
4 187 8
3 123 30
8 127 22
6 134 32
7 126 22
4 155 56
0 6 49
3 130 28
9 122 11
9 129 32
3 396 34
3 134 11
5 264 52
2 396 75
5 134 33
2 116 8
9 123 41
8 169 48
8 11 66
9 243 77
2 384 18
9 308 8
9 122 25
0 207 58
9 372 39
2 240 2
5 284 70
0 127 33
1 126 18
4 126 32
9 130 14
3 181 65
2 25 50
9 268 71
1 124 33
1 128 37
7 124 21
1 128 21
0 156 61
2 133 25
4 231 23
5 134 30
0 185 23
2 127 37
7 231 12
1 123 32
9 258 8
0 129 37
8 132 18
9 177 49
4 126 21
6 120 23
9 312 49
4 73 35
4 136 15
6 167 70
0 136 16
4 19 30
7 121 41
5 349 68
4 223 32
1 127 23
5 291 21
2 123 30
1 121 20
5 136 11
2 127 29
4 133 20
4 303 25
7 309 37
7 371 69
7 149 13
5 121 25
7 126 26
1 136 37
9 120 44
1 49 10
2 54 66
5 133 65
9 123 36
8 306 68
9 123 11
7 388 5
7 134 25
6 54 18
3 130 37
1 136 29
8 154 45
7 257 33
4 136 16
6 87 44
9 122 29
0 212 54
5 357 29
2 50 39
7 230 67
5 242 25
5 267 69
8 128 12
7 122 28
0 120 33
1 47 5
5 121 26
3 133 26
1 146 68
3 305 13
8 110 48
6 132 19
7 3 73
9 240 28
0 127 26
9 120 12
0 133 36
1 285 12
6 185 4
0 87 48
9 120 39
9 136 32
2 132 20
6 141 45
0 6 31
0 129 30
4 328 26
7 214 62
8 197 75
8 136 14
5 128 36
0 134 11
7 122 42
3 124 23
4 293 11
5 135 37
8 332 34
6 122 11
8 173 19
8 136 33
7 130 28
1 172 22
7 135 11
5 28 79
0 42 15
4 307 66
7 120 43
2 319 25
4 176 79
0 124 41
7 22 5
2 148 66
5 77 32
2 36 39
8 127 32
8 393 19
0 28 61
6 120 36
0 128 33
6 35 75
3 118 12
6 124 33
7 277 19
3 136 32
6 76 25
6 349 64
5 133 33
9 130 36
6 46 10
4 101 1
5 112 4
6 334 55
2 253 4
1 61 44
9 136 18
1 129 37
2 147 31
2 130 33
3 134 42
7 72 38
8 106 45
7 346 57
1 124 27
5 110 43
9 242 54
6 124 21
0 123 41
0 134 29
0 211 3
5 147 28
4 165 6
7 393 39
0 132 28
9 127 35
4 238 56
1 126 58
1 135 11
5 160 17
8 134 35
9 305 12
3 265 20
9 105 65
5 6 41
8 325 57
5 116 66
0 151 54
0 121 21
5 271 2
9 128 11
1 130 33
9 104 44
0 135 32
6 124 18
3 120 12
2 122 34
9 122 36
2 41 47
1 213 37
3 3 26
5 135 25
9 370 62
6 129 33
2 16 62
6 86 24
5 255 51
2 120 37
8 127 19
8 171 14
4 98 36
8 225 32
5 144 41
5 130 14
2 122 33
5 221 49
5 318 43
2 212 21
1 128 20
2 120 26
7 127 26
8 159 69
9 325 46
7 334 10
7 120 36
8 238 1
8 136 21
2 121 26
3 132 27
9 136 27
2 124 26
4 130 13
9 228 70
1 136 12
6 185 18
0 126 36
9 128 37
4 134 28
9 120 23
9 127 26
2 310 31
6 145 45
1 122 34
2 126 12
2 78 70
7 27 77
6 135 42
4 134 20
2 139 59
3 134 28
5 128 33
0 135 36
6 306 52
9 136 37
3 136 13
5 34 62
3 286 78
2 136 15
6 133 36
3 260 42
0 132 41
2 7 15
6 311 79
6 133 32
0 120 11
9 141 8
3 105 30
5 122 41
3 129 18
6 373 53
2 250 30
5 124 20
9 132 12
0 120 32
5 124 26
9 303 19
9 393 14
9 52 39
1 233 66
9 52 67
8 364 20
3 126 11
2 9 60
6 86 47
5 135 32
4 130 37
4 136 32
0 128 30
9 121 21
6 347 18
7 384 27
5 340 8
8 124 27
2 204 50
4 133 36
6 51 35
1 134 34
2 122 25
3 217 3
9 102 23
3 124 42
1 132 40
7 176 9
8 160 18
6 83 30
6 134 30
6 28 8
6 352 77
8 134 41
8 52 9
3 129 6
2 132 29
3 136 20
1 144 46
1 356 73
9 68 2
0 127 29
7 126 11
1 289 60
3 121 25
4 250 31
2 128 35
7 126 28
7 335 38
5 120 37
1 136 15
7 13 19
4 124 21
5 270 65
5 214 73
9 132 36
3 311 8
7 135 41
8 134 32
4 120 33
0 279 28
6 338 70
8 129 20
1 65 37
0 124 26
9 250 72
8 292 12
5 127 33
8 220 29
3 126 12
8 155 53
9 123 1
7 165 47
9 124 28
0 286 11
6 38 3
5 132 47
3 129 19
7 136 28
0 212 63
8 133 12
8 45 39
0 132 39
1 128 1
7 133 26
8 89 67
6 145 61
8 135 36
1 128 26
3 337 30
2 132 19
4 380 55
0 124 41
0 128 32
8 272 17
4 251 66
0 124 28
8 123 20
8 385 37
5 124 16
8 195 49
7 124 37
8 127 18
3 244 74
0 142 79
1 65 77
5 136 19
4 370 55
5 68 32
1 128 18
5 124 36
5 132 36
9 123 12
5 136 32
9 289 60
2 335 6
4 134 11
0 127 32
8 136 15
1 395 55
8 136 13
0 130 26
7 129 18
7 169 72
6 315 59
1 370 44
4 126 29
2 132 39
4 120 32
0 122 26
6 126 26
9 127 22
6 121 12
1 132 12
5 124 21
9 241 25
4 101 31
7 110 2
2 384 33
8 129 18
5 129 19
4 374 41
8 134 34
9 126 19
9 294 19
2 128 30
9 332 20
9 359 61
7 385 77
4 114 13
8 130 28
9 123 26
8 128 15
1 282 76
3 204 67
9 336 55
2 134 25
9 134 20
1 128 29
6 375 69
2 136 12
9 286 53
5 136 15
1 128 19
7 135 20
0 208 37
5 30 43
3 37 45
5 132 43
7 29 31
1 332 79
4 133 25
0 379 17
1 76 38
4 320 48
9 343 54
3 36 20
4 133 11
1 136 26
5 130 26
2 238 18
8 161 61
7 88 27
5 135 11
2 127 25
2 132 23
5 122 35
1 44 59
4 136 21
0 214 43
2 122 30
7 246 46
2 374 54
4 377 79
3 128 11
4 123 32
7 342 48
0 108 56
8 130 36
9 136 11
1 127 30
4 122 34
5 120 36
5 122 33
2 42 36
6 123 25
9 124 19
2 127 1
4 126 15
9 133 20
0 127 25
7 134 12
1 305 24
4 122 27
8 195 73
8 394 13
8 179 71
9 135 37
3 132 12
1 121 41
2 135 29
4 360 54
9 127 19
2 358 16
4 264 48
2 136 26
9 121 41
8 128 21
7 166 51
4 133 37
2 124 18
3 172 4
3 121 12
3 332 18
7 299 69
2 124 15
9 338 17
1 120 41
8 77 77
7 134 32
5 102 26
7 124 36
9 84 61
6 155 13
2 129 16
9 89 10
1 122 24
1 129 33
7 127 19
8 264 41
7 132 11
0 378 3
2 148 15
4 135 33
9 81 45
7 208 31
9 135 30
6 132 40
1 217 15
0 134 52
2 377 19
9 135 44
6 133 21
0 12 52
1 127 15
8 132 19
8 69 12
7 134 21
3 132 18
6 212 78
6 49 4
9 164 13
3 128 33
7 132 19
4 132 28
3 185 78
2 60 10
2 120 40
7 160 60
6 311 68
8 321 53
7 306 21
9 264 70
6 17 20
3 127 18
9 134 25
8 194 62
6 128 20
2 189 8
8 120 18
7 388 39
6 354 22
2 11 23
5 124 38
4 60 61
5 120 20
1 200 75
6 323 13
5 366 72
1 123 20
7 127 37
7 69 70
1 129 26
0 222 25
1 92 62
7 364 16
3 40 54
1 124 26
7 299 27
2 128 15
9 73 28
0 121 25
9 301 48
2 38 20
4 135 12
1 136 42
2 238 39
0 230 48
9 123 42
8 116 43
5 129 26
7 132 21
2 382 45
1 129 11
6 376 13
4 136 20
4 77 38
5 129 18
4 87 36
6 126 33
7 135 25
5 232 73
6 36 67
8 277 77
7 133 36
5 122 28
2 75 76
4 169 33
8 136 20
5 135 29
9 303 49
0 64 53
4 355 77
8 17 48
1 126 33
3 136 23
2 133 26
0 120 12
4 246 71
3 121 20
8 132 27
3 127 23
5 123 29
8 110 12
0 120 39
5 121 11
2 186 43
5 129 11
8 129 15
4 132 29
1 71 71
7 226 43
4 322 37
9 92 54
9 198 3
6 184 78
3 355 70
3 126 16
8 127 33
9 369 7
4 283 17
8 122 35
9 26 54
5 181 8
2 129 11
1 120 26
9 399 38
6 121 25
0 46 68
4 93 8
2 138 32
9 2 68
4 135 37
7 129 37
7 126 26
6 149 20
8 134 33
4 22 7
4 241 66
3 124 14
5 337 50
6 126 28
6 138 58
9 322 5
5 124 22
7 123 37
4 113 37
7 231 44
6 12 38
3 132 20
6 148 29
5 148 27
1 286 62
2 134 12
7 46 18
4 136 11
5 127 12
5 330 67
3 195 52
0 325 47
3 29 76
9 127 34
3 132 19
4 121 42
3 132 41
8 130 37
5 44 37
1 292 48
0 312 40
7 135 32
4 130 32
4 126 28
2 163 9
1 354 42
1 129 12
3 126 27
5 327 64
6 136 21
2 6 37
1 66 29
0 28 65
4 121 21
5 323 28
2 35 57
8 20 77
2 146 19
8 120 32
3 173 25
8 124 14
2 320 12
9 339 67
3 31 47
9 261 8
5 128 12
5 132 29
1 308 44
3 128 21
5 128 25
5 3 35
9 91 32
3 126 32
3 127 29
9 50 61
9 136 21
1 120 28
3 185 57
9 241 4
1 134 26
4 111 11
5 124 41
3 126 33
6 124 27
4 141 49
9 393 56
2 136 21
8 128 18
5 246 27
8 72 13
2 167 49
0 72 1
6 133 41
8 38 77
2 173 0
9 122 37
3 113 37
0 42 44
0 295 28
6 123 11
8 386 64
3 220 46
9 130 28
2 133 20
2 328 41
7 120 23
2 391 65
6 130 28
8 132 23
8 126 21
2 386 37
4 136 41
8 249 53
5 122 42
6 136 14
4 122 11
2 120 41
6 391 27
4 76 42
1 42 36
6 163 52
7 128 25
7 136 33
3 328 12
5 115 0
3 129 32
0 365 41
5 203 62
7 263 59
4 218 63
3 7 56
7 292 78
9 124 37
7 217 49
7 79 79
1 344 67
3 247 78
1 122 20
4 130 43
5 288 60
8 120 26
1 135 57
2 66 57
4 321 73
0 196 67
8 122 20
9 31 25
3 133 41
6 29 42
2 16 49
8 97 64
1 198 44
0 136 37
8 126 16
9 345 36
5 354 56
1 132 16
0 80 73
9 132 38
3 133 37
4 284 75
9 30 29
4 153 65
1 259 52
3 126 19
0 61 28
9 128 21
0 136 22
6 236 21
9 64 11
3 372 71
1 127 37
5 87 36
8 181 42
7 179 0
7 207 28
6 339 18
0 122 33
4 122 33
1 298 5
6 136 32
5 395 38
3 120 22
3 133 36
9 64 8
5 120 39
3 301 5
4 278 70
3 94 39
4 334 44
0 126 20
8 123 36
0 12 49
3 69 24
4 123 37
8 333 78
3 387 49
6 130 36
6 136 22
5 133 26
3 339 77
4 125 75
8 122 21
8 132 32
4 127 15
3 175 68
5 129 33
7 123 26
3 53 1
9 338 18
6 124 23
3 129 11
7 134 29
0 124 23
6 126 37
3 87 44
4 67 54
2 167 67
9 355 61
7 122 20
8 122 41
1 67 77
2 255 47
6 227 74
3 369 60
7 121 36
6 367 30
6 120 18
3 132 43
8 388 47
0 129 36
9 136 22
2 127 19
2 127 32
8 150 78
3 302 31
8 184 60
9 280 63
0 121 32
8 139 44
1 330 8
8 123 41
6 128 26
8 133 41
0 136 29
6 128 19
1 226 79
1 134 41
1 134 33
8 253 39
0 124 42
2 127 18
6 244 16
6 249 58
5 308 68
4 6 28
7 127 22
1 152 71
2 261 38
8 121 42
0 121 33
3 135 21
1 186 29
2 120 42
6 120 21
5 51 17
2 147 29
3 120 19
5 121 20
5 80 56
9 53 60
1 93 7
6 202 44
1 128 32
1 122 41
9 192 30
9 28 28
8 124 42
6 126 19
3 274 16
4 142 43
6 277 19
9 133 42
1 136 11
7 134 35
7 368 46
9 84 3
6 136 26
9 183 46
0 133 0
5 376 47
6 88 7
1 103 6
5 95 60
7 285 66
3 120 32
6 266 46
7 132 40
9 134 42
2 69 20
6 136 15
2 97 55
9 124 18
6 160 27
2 36 25
1 278 57
5 127 11
9 122 32
9 87 21
0 132 29
8 123 29
5 120 44
7 133 20
4 132 32
4 129 29
5 58 44
6 272 11
8 248 72
6 124 16
9 126 26
9 128 35
2 338 65
9 222 75
2 128 18
5 270 27
7 120 28
0 133 37
9 337 15
7 100 34
1 133 42
9 181 25
9 376 33
3 129 25
9 304 57
4 135 32
6 122 42
7 124 13
4 130 27
3 128 19
4 136 28
3 122 12
4 117 60
2 126 27
0 43 8
8 388 13
3 135 30
8 136 12
7 302 4
8 364 39
1 38 22
8 124 28
4 120 44
8 128 16
8 120 40
4 135 36
4 121 12
7 136 22
0 9 49
0 130 15
4 126 12
9 148 71
9 136 42
0 127 6
9 243 65
0 258 14
5 396 47
4 123 12
8 228 51
2 278 21
8 217 48
4 116 66
5 104 13
1 158 61
0 128 22
7 8 0
6 127 32
9 9 26
3 136 19
3 130 18
1 271 61
0 41 26
1 129 19
3 160 39
6 43 37
3 343 21
8 126 27
4 122 32
7 129 32
0 282 65
7 126 27
9 285 79
8 252 13
0 180 14
5 126 33
8 130 15
4 127 34
6 120 27
8 226 48
4 315 20
4 126 36
3 135 32
7 132 20
7 119 10
0 237 2
5 120 28
7 124 28
3 126 36
2 133 41
2 126 16
7 255 70
1 136 16
8 122 26
7 128 22
4 95 65
7 126 15
0 200 78
5 117 73
4 132 44
5 90 55
7 267 58
8 127 25
5 220 45
1 132 26
8 122 28
8 132 29
8 203 77
7 349 22
0 124 14
8 124 20
9 134 34
2 135 12
6 120 41
3 124 22
0 136 42
6 123 12
5 28 23
7 159 64
9 128 16
4 124 20
3 122 21
4 396 38
9 134 30
2 66 51
2 356 65
9 282 75
6 240 13
1 132 29
6 169 77
0 7 45
8 1 26
0 134 1
0 133 25
6 126 15
4 128 37
7 52 4
4 51 49
5 274 39
2 305 29
2 361 1
6 127 18
0 210 37
5 123 37
6 103 5
1 133 25
4 132 22
4 120 41
0 81 74
2 133 33
6 117 5
3 1 15
0 127 37
2 273 49
1 126 22
7 144 40
9 292 12
3 353 19
9 124 23
2 128 26
6 127 36
3 11 36
4 206 44
5 129 12
7 130 27
5 132 12
5 120 43
1 325 78
6 65 59
0 243 3
4 135 26
9 223 62
3 253 48
4 264 3
0 134 12
5 122 32
7 133 32
2 123 11
7 256 47
9 132 11
5 132 42
5 70 16
1 249 8
5 65 23
6 392 53
3 192 11
5 238 57
3 134 30
3 122 28
9 302 20
0 383 62
7 130 12
0 281 18
6 190 65
8 132 12
9 116 15
9 135 29
8 267 11
4 102 24
4 128 11
8 128 11
7 310 43
1 130 26
4 350 69
1 136 28
2 312 40
5 66 3
4 120 40
4 239 12
3 112 79
9 120 21
7 118 36
7 285 10
2 130 27
1 122 37
3 36 11
6 126 32
1 354 72
3 124 28
7 18 6
3 135 26
9 380 29
1 383 73
5 126 16
8 212 26
9 120 43
5 132 26
1 130 36
9 124 14
3 87 0
9 126 29
8 129 11
5 387 50
4 134 12
4 129 33
9 128 29
1 363 57
9 221 22
5 174 27
3 99 14
3 120 37
0 126 37
8 132 39
7 129 11
8 135 11
8 126 18
8 278 23
8 127 29
8 251 0
2 347 16
5 133 37
5 38 11
9 128 17
5 325 68
9 261 2
3 153 47
8 88 15
5 81 65
7 183 18
5 192 8
4 24 62
0 42 57
0 137 37
8 369 21
9 136 26
7 121 26
6 390 9
0 198 70
2 123 42
4 240 8
3 234 27
3 24 25
1 314 71
3 136 37
4 134 41
7 128 33
3 126 15
7 127 25
6 120 40
6 236 15
1 133 33
1 136 21
2 137 26
5 136 27
7 257 13
4 135 20
1 124 32
8 130 12
1 132 42
7 181 41
7 46 19
1 134 11
3 91 17
3 315 7
6 123 33
8 126 20
4 300 33
5 316 19
2 121 20
1 116 48
2 173 31
1 251 76
1 40 37
8 116 47
6 359 49
6 135 37
5 295 67
8 121 21
3 250 54
4 47 23
5 95 74
5 121 42
6 39 21
4 130 28
4 223 4
6 379 77
3 123 25
1 126 16
5 123 21
1 120 18
1 209 27
1 135 42
4 129 19
8 270 8
7 298 67
1 361 51
3 133 21
7 222 9
1 122 11
1 309 1
5 128 15
9 124 13
9 343 30
2 229 24
5 209 27
6 11 58
4 291 74
4 123 11
2 136 37
7 133 25
9 127 11
4 127 37
5 128 29
6 274 38
6 176 37
4 132 21
8 63 50
1 124 23
8 176 65
3 128 16
7 135 37
5 52 23
2 164 72
0 129 18
3 224 48
3 390 36
0 11 65
7 102 71
9 64 55
2 132 27
1 66 58
9 136 13
6 331 31
2 126 29
4 4 75
3 126 22
4 190 77
8 245 78
6 229 38
7 49 39
1 80 23
1 233 5
7 132 44
5 189 2
7 236 38
2 241 25
0 123 20
3 80 22
9 129 30
2 162 70
8 275 37
9 199 66
9 195 77
7 132 34
7 91 72
4 59 11
8 396 68
6 136 18
8 120 19
4 29 42
1 288 17
9 183 51
8 152 28
4 373 60
4 60 5
0 120 36
9 117 71
8 126 15
0 20 66
1 124 37
3 111 49
4 130 29
4 331 76
6 124 28
5 120 33
2 127 15
9 282 40
5 173 61
2 172 37
1 361 0
0 346 79
8 127 30
5 30 76
4 123 41
5 129 15
0 218 31
1 136 14
3 273 79
9 258 51
4 137 5
7 180 15
4 128 12
4 120 36
0 123 32
6 366 40
8 218 53
2 121 32
0 133 41
8 126 11
0 331 46
7 120 26
4 122 36
5 134 12
7 373 61
0 2 74
1 120 39
5 92 64
3 121 21
2 120 27
3 307 13
9 206 23
8 44 61
7 279 50
4 130 12
3 204 45
2 120 32
6 191 75
0 19 16
5 269 60
6 127 22
2 87 55
1 270 19
4 121 26
9 122 12
8 303 55
8 300 29
6 239 47
8 136 23
7 134 11
6 69 35
9 38 12
2 123 33
3 134 29
6 129 37
1 267 53
8 123 30
4 124 50
6 302 54
3 19 36
3 130 15
4 62 22
1 129 18
7 57 41
2 141 75
5 134 36
3 29 78
9 112 21
7 314 26
7 128 19
4 132 20
7 121 32
8 373 56
9 135 32
3 141 37
6 127 23
2 135 37
9 135 25
2 254 36
3 322 37
6 120 12
9 135 33
3 354 33
5 159 32
0 209 49
5 134 20
4 123 16
4 85 62
0 198 17
1 229 58
9 127 18
4 39 41
7 127 23
3 135 20
6 83 41
0 124 22
4 40 45
8 83 64
4 107 27
5 115 12
8 52 63
3 234 34
8 123 11
9 84 1
9 200 74
4 120 12
5 45 43
9 352 5
4 127 33
6 66 47
2 67 36
4 276 44
2 119 8
2 206 1
1 129 29
9 16 24
2 128 11
2 133 36
9 399 75
5 387 45
7 134 20
2 129 29
8 207 48
9 289 23
3 198 52
9 124 20
8 398 42
1 245 67
3 160 3
3 132 36
0 132 23
0 384 37
6 120 43
7 135 42
7 80 75
0 136 13
8 132 28
9 133 32
7 289 49
3 130 19
9 127 36
1 326 43
1 136 19
4 128 30
3 328 54
2 121 42
9 132 40
1 132 41
8 121 25
3 180 38
6 32 22
2 126 18
0 136 12
8 258 77
6 166 35
2 123 21
3 55 68
6 120 32
5 127 15
9 357 44
6 202 29
7 136 26
0 305 29
9 129 26
0 129 16
0 122 20
5 109 61
2 132 40
0 128 35
9 132 20
5 7 31
6 130 27
1 120 20
0 120 41
0 323 0
7 132 29
8 123 33
6 135 41
6 132 44
8 127 16
5 132 28
7 130 19
8 229 62
6 132 22
7 121 33
2 160 52
5 132 44
7 121 21
5 150 31
9 135 20
1 123 36
0 126 11
1 392 51
7 128 37
3 199 51
5 124 27
2 50 44
1 128 22
8 146 9
6 30 9
3 322 45
6 254 7
6 117 34
0 129 32
8 208 26
7 126 19
3 127 32
2 128 33
2 138 43
3 123 36
3 128 37
9 362 13
0 128 40
6 124 19
8 123 37
8 126 26
7 136 23
9 120 40
7 279 56
1 285 61
1 116 6
2 136 27
8 126 29
9 175 6
4 122 21
8 338 48
7 134 36
4 126 26
4 128 19
5 134 41
9 121 12
2 134 21
3 252 13
1 32 28
3 128 32
3 331 31
6 394 27
9 134 21
6 129 11
4 171 39
8 121 26
7 287 46
4 368 23
0 51 36
1 339 34
1 204 22
2 135 25
9 249 13
3 127 37
4 147 37
9 242 56
0 128 36
2 126 28
2 123 41
6 127 11
0 128 37
2 213 43
4 120 19
1 68 19
7 83 11
6 120 26
5 249 47
7 359 73
4 299 60
4 12 43
7 315 1
6 320 0
8 245 10
8 124 33
2 121 37
7 61 28
1 390 2
7 269 58
2 128 16
5 36 49
7 129 25
0 230 6
1 320 76
5 122 29
5 380 68
2 307 39
3 120 36
0 126 21
0 132 22
4 123 33
5 127 26
9 126 12
1 354 68
0 120 43
6 172 38