1906  102
241  16
3580  191
1423  78
1709  88
1306  70
1986  103
1728  88
3780  199
1269  68
2769  144
2705  143
965  50
3223  172
573  31
3212  169
2596  138
882  44
1042  57
518  25
3628  190
1519  77
2079  108
310  17
3029  161
1901  97
227  14
3766  196
3357  178
932  48
607  34
1897  97
3827  203
2567  133
3217  169
1152  62
2641  141
3940  210
1551  85
364  17
690  39
2244  116
3219  172
3296  174
2943  153
1255  67
1976  105
3952  206
370  17
1434  78
3608  187
815  41
1632  87
1600  82
1781  93
252  10
449  26
2023  103
1789  97
3970  207
3431  178
3363  179
1706  88
2979  158
3318  172
2169  115
452  21
2764  145
1534  84
2698  142
3978  210
1025  53
3349  178
3061  158
2479  128
527  28
875  45
1144  58
869  44
1380  71
2400  123
2328  125
213  9
213  13
2231  115
3621  192
3470  186
592  30
2269  122
1863  95
3437  184
2087  110
945  48
3963  207
311  15
1553  80
1816  94
929  50
2985  160
2322  120
1892  101
3033  160
1531  78
477  27
2086  112
998  55
2744  145
1026  56
753  41
3861  201
1552  83
1397  72
2404  128
3040  163
2948  158
442  22
3383  178
380  19
3473  184
2395  127
640  36
3308  171
839  43
3805  202
2800  144
1326  72
2018  108
1710  90
1458  77
2700  141
1477  80
2217  117
406  20
2025  104
1099  57
757  37
2969  158
3495  181
325  14
2667  143
969  54
1825  96
944  49
1630  84
3892  204
3171  166
3666  193
509  28
1432  74
3411  183
365  19
977  49
535  26
3548  186
1151  60
1937  100
256  11
665  36
329  20
1596  84
1508  82
367  17
608  32
808  44
1044  54
2534  134
1670  86
3236  169
355  22
3769  195
584  32
1049  56
2265  121
1879  100
262  17
2329  121
2610  138
1532  82
3323  178
3886  203
2073  109
2000  102
1722  93
312  19
1791  93
2961  159
2415  129
2634  136
1507  79
1992  102
1506  78
1795  97
1422  73
1755  93
2749  142
2535  130
2191  112
594  32
913  45
409  21
3620  189
2350  121
2085  110
2121  109
1934  100
3898  203
1549  84
3413  178
1769  94
2425  126
3009  158
3984  208
3886  203
2467  131
2457  131
1076  55
2955  158
2065  112
3308  171
2864  149
499  29
3885  207
485  27
3508  182
586  30
2521  131
1074  56
1122  59
1716  92
3022  159
2916  153
2502  130
2865  151
3743  200
3943  209
644  35
323  18
3942  208
3928  209
1707  88
1837  97
3005  155
1926  101
654  33
1220  64
1444  76
2519  130
901  45
3184  169
3971  209
1274  68
3807  202
3384  181
920  50
222  13
3198  170
1331  67
3502  184
3880  203
3041  162
1025  57
2762  144
315  19
1828  95
1082  58
1225  62
577  33
1035  53
3961  209
223  9
819  44
2584  139
3415  178
1545  79
725  41
2696  143
1455  78
1370  69
1060  56
1811  97
2579  136
3439  183
2823  151
2905  156
2002  106
2503  131
2256  118
2400  123
2896  152
3680  196
2176  117
849  45
394  23
602  34
3886  208
688  35
2917  153
3836  202
3198  168
2153  110
1796  97
2831  146
3228  170
1141  61
229  15
2079  107
2767  143
1657  85
3647  194
1305  67
1786  92
1477  77
2769  147
1495  79
360  18
1204  65
2659  143
2075  106
1620  87
1806  95
761  41
3343  179
1732  94
3026  162
2525  136
3886  204
3462  183
741  39
2049  110
245  13
3292  172
1145  60
2132  110
2726  144
1592  84
1410  77
2637  137
3808  200
1509  76
814  41
2386  123
3315  176
3010  161
703  40
1785  92
1717  87
1020  56
1080  54
591  30
1268  68
1219  66
2404  128
1334  71
2547  133
1620  84
1804  92
2579  133
2611  137
2003  107
1492  77
1244  62
901  49
1387  75
449  25
727  36
2361  122
3072  161
1064  59
1245  65
393  18
3072  160
3447  183
1155  63
382  23
3574  186
280  12
789  42
1938  103
1923  98
909  46
2955  157
2316  120
2214  120
629  32
3262  169
3237  168
291  12
3505  187
1651  85
1678  87
1067  55
1002  54
1557  82
489  25
865  45
2135  113
894  48
3131  163
1775  90
2020  104
3820  200
758  43
3000  156
2475  132
2657  139
3032  159
1387  75
209  12
2512  131
3114  164
2465  128
1743  89
3887  202
2822  150
895  47
3489  185
956  47
2912  156
2602  134
3463  179
1888  97
3306  176
386  20
2806  145
1855  97
1369  70
2346  124
1122  62
3968  211
922  51
601  32
803  41
1199  66
690  38
1486  80
1822  97
3438  183
2612  140
1278  65
1730  91
1468  74
1394  75
3105  164
1974  104
1914  101
630  33
2143  111
2607  134
1634  84
2277  118
1096  61
515  30
2587  139
3732  199
2471  128
926  47
918  50
219  15
3806  197
728  35
3933  210
3927  204
1270  64
3595  190
1423  78
3536  183
2172  115
2594  135
1586  85
581  28
253  15
1887  96
1466  77
486  23
1771  91
2048  107
2123  114
2899  151
2795  150
2344  123
3692  192
1882  102
790  42
3006  161
1662  89
1122  59
256  13
1608  82
3059  161
3910  209
3867  203
690  37
1319  66
2354  122
307  13
1848  99
1524  81
2225  119
946  48
3270  171
1951  100
803  39
899  47
1156  58
971  53
1870  100
252  11
2611  137
1923  102
1556  83
1796  95
1317  69
420  20
2887  154
3134  162
1700  89
247  12
3349  173
2090  112
2433  131
2886  149
3524  188
2321  122
1979  107
738  36
550  27
3523  183
1997  106
1995  102
1503  82
1887  98
3618  189
1892  101
2439  128
1281  69
1523  80
526  26
3406  177
2202  116
3195  171
2543  135
564  29
1301  69
1511  83
3407  179
1619  86
3463  181
3029  162
2377  124
3035  158
1587  81
618  33
3715  196
2082  113
2046  110
3116  165
1035  54
1114  61
3333  173
3549  186
2081  109
1984  107
1866  99
598  34
300  18
1644  89
2996  158
3670  196
292  18
2929  152
2928  151
786  40
2596  140
2770  143
999  56
306  15
2977  157
2253  121
938  47
3026  162
1557  81
3613  189
1929  105
1202  66
991  52
3823  204
209  9
1136  61
3645  190
3449  185
2016  108
923  52
367  21
3631  191
768  38
2109  112
2926  153
2715  141
1519  77
603  30
749  42
702  40
3110  161
1545  82
1980  105
3839  201
3379  180
2281  119
1063  56
552  29
1009  53
1048  52
853  47
920  49
1723  88
3487  181
2838  148
784  40
3397  177
2273  123
2520  136
2158  117
320  16
1339  70
1562  85
201  10
3747  199
3475  184
2896  153
306  18
1698  90
3104  166
1195  60
457  26
2632  137
3347  174
1682  91
1397  74
2095  107
350  20
3423  181
488  27
2515  129
3410  178
1095  59
1943  105
1529  81
3606  187
2609  134
2473  133
1023  55
3047  159
761  38
1922  102
3831  205
3093  161
3277  175
2119  111
873  46
3871  203
3350  174
1668  86
2030  110
3119  164
3187  168
3190  170
3558  186
3980  207
1960  100
3967  207
1894  103
952  51
2585  138
2297  118
2683  140
3177  166
2185  112
2992  156
1952  102
2181  112
3896  204
1581  86
3282  171
2435  130
230  15
237  14
3112  163
750  37
957  52
1461  77
3959  209
3789  201
575  30
3436  182
546  28
1758  95
649  35
2522  136
1922  98
2965  153
3717  198
2484  129
346  20
869  45
433  21
1218  65
3580  190
3072  165
2683  143
1065  58
2781  147
651  36
3070  162
813  45
1713  93
3049  163
1752  94
1361  74
3429  177
301  15
1500  79
610  31
206  9
1333  69
3269  175
322  16
1683  91
225  12
1928  103
2303  124
2183  112
2296  118
489  27
2514  135
587  31
3290  172
3633  188
2826  148
3216  169
580  32
1614  85
482  24
2405  129
3285  170
2706  143
1579  80
3739  200
1005  53
2385  128
574  29
2441  127
3447  180
3434  183
3860  202
231  12
3500  182
400  21
3765  197
3875  206
944  51
3666  195
3270  169
3510  188
558  31
1177  63
1306  72
3016  159
244  13
3524  186
3795  203
3673  196
1786  97
3840  201
502  23
3977  206
670  37
3254  174
545  27
3298  172
207  13
3288  171
1012  55
958  53
1644  89
1507  76
1172  59
3374  178
1663  85
2102  109
1276  68
2127  114
3560  190
1048  55
705  35
3962  212
1937  105
2017  107
1473  78
1201  63
3730  195
3487  185
1240  68
3169  168
3964  209
1911  102
2782  143
242  16
1558  85
671  34
3507  184
2305  120
2864  149
2269  122
2908  155
1958  106
2059  110
3902  204
556  29
1258  65
3428  180
280  16
2384  126
1516  80
1381  71
1571  84
891  45
851  48
3679  193
3290  170
1673  86
1219  64
2594  135
1648  90
438  23
3935  209
2658  139
3682  196
508  28
3010  155
2235  120
3057  164
2185  112
855  48
1442  77
988  54
3640  194
3212  170
1417  73
1439  79
717  39
2003  108
838  47
544  28
504  30
3990  207
3939  205
3521  186
724  41
413  19
3232  172
2307  119
1604  86
3798  202
2651  139
3541  183
3954  205
523  30
3537  185
1766  91
2005  105
3731  196
1947  105
1244  65
844  42
3593  186
2962  156
2436  128
3879  203
1859  100
1785  91
205  13
1228  66
1348  70
232  10
1891  103
1991  108
1901  98
377  23
376  23
2822  148
2406  127
2215  120
2131  110
1136  61
3460  181
2698  142
2429  130
2933  153
591  34
2791  147
2912  150
1588  87
3349  179
2533  136
657  36
3489  187
834  46
1811  97
457  23
2857  148
1612  83
392  22
672  34
1280  65
1930  104
2916  156
3944  209
2872  148
3992  213
1371  71
2508  130
3152  164
1447  77
2123  110
1557  83
3333  176
3096  166
1728  89
3208  170
2279  117
1956  100
292  16
377  18
2771  145
3412  180
3246  170
1269  66
553  29
1817  94
1144  58
1238  62
2327  125
3111  167
3218  167
1526  80
2792  149
1945  103
398  23
404  19
474  26
3509  186
2341  124
1364  72
2280  117
3229  168
3953  208
395  18
2547  135
515  25
3432  183
394  21
669  37
3147  165
1601  81
1525  82
438  26
3386  176
3448  178
700  40
2303  124
3672  196
1781  97
3000  158
3446  184
2935  157
903  45
3919  209
2514  129
2616  139
2230  119
269  14
1487  81
3924  208
1481  81
3296  174
960  54
3121  166
392  21
3760  200
1405  74
395  21
3241  173
615  35
3735  198
3548  190
2298  122
2506  131
1100  60
1692  86
807  44
1811  98
765  37
2797  147
1655  90
1618  85
2742  144
1402  73
811  40
1189  61
3207  172
1345  70
418  20
3288  175
1113  58
2495  133
1893  102
765  40
1724  88
3429  181
2424  129
3713  197
265  11
641  36
1969  103
2830  146
1885  101
1330  67
3535  187
3693  196
2859  148
3234  171
2688  143
673  37
2536  134
2813  148
2343  126
1560  79
247  12
390  19
3545  185
2926  156
1469  79
1178  64
2040  104
2432  128
824  44
851  44
3043  161
3434  178
3329  173
2640  139
3221  168
3944  206
2933  152
2779  149
3554  185
3520  186
2690  139
1925  103
1171  62
3835  200
1093  55
470  28
1778  95
1414  73
945  48
2569  133
3464  185
3057  161
2083  109
2194  114
2224  114
3144  164
2422  126
866  45
1123  62
1690  89
989  52
629  31
1562  80
3600  187
3670  195
1009  53
377  19
387  23
3503  182
1735  94
897  47
1354  71
609  31
3953  210
1961  106
2267  119
1018  54
2340  126
1239  65
3528  189
3020  161
228  13
377  22
451  21
3770  197
922  46
3440  184
1492  76
1773  94
770  38
3110  161
955  53
3481  186
931  52
2064  110
3100  161
800  41
1534  79
3310  171
214  10
2411  130
3684  192
3114  164
1359  72
963  52
3257  169
2677  138
2061  107
2635  141
2576  134
2051  108
1406  76
829  42
1874  100
1501  79
1276  64
1262  67
1218  63
406  18
539  28
1531  79
441  20
985  54
2238  119
2580  136
3085  162
3791  197
1697  92
2355  121
3849  201
1291  66
2049  111
2192  113
1676  87
2495  134
3425  181
3770  201
1890  96
1360  73
3344  173
3081  161
587  31
2159  112
3953  209
2633  137
1310  66
3897  204
556  32
1427  73
1544  78
1472  78
558  32
1459  76
3963  211
2175  113
261  16
2122  113
544  26
1325  70
210  12
455  21
2010  106
1565  84
1139  60
1213  64
3359  176
2620  136
3726  198
2164  117
3764  199
3888  204
503  27
2937  155
506  24
1646  87
721  40
2791  149
708  38
560  28
3214  171
3665  194
3922  204
3119  167
3594  186
1381  76
2074  106
2433  128
1829  98
2093  110
2507  133
358  19
807  39
3361  178
3744  196
1048  56
659  33
1682  89
2015  108
591  31
2235  115
2492  134
1991  102
3102  165
3262  174
3343  179
3832  202
1195  60
2208  114
2569  138
2518  136
3405  180
3473  181
3305  174
3553  190
646  33
3899  205
520  24
3155  168
274  14
3701  196
1489  77
2458  130
379  19
2931  152
1516  79
2635  142
1371  70
833  41
2517  134
3734  196
1974  106
2209  113
1484  76
3819  200
2324  122
1183  61
717  35
2549  133
3391  175
3116  165
2216  114
3722  197
1498  77
361  18
290  17
2584  133
3115  165
937  50
2538  135
548  29
409  25
473  23
2225  117
2837  148
1297  65
3405  179
518  28
1322  73
3380  175
3754  195
1391  73
3096  162
3078  160
2230  116
3637  192
2287  123
3414  181
3582  191
2472  133
1069  55
2209  114
1610  86
1137  62
1494  76
1170  61
2431  127
3792  199
3927  206
2473  129
3737  200
3425  181
3478  183
1316  71
3400  179
3135  164
3866  204
401  24
294  16
3493  185
2079  112
1493  79
3656  191
3963  211
999  51
3002  159
1383  73
597  34
740  39
1975  106
3925  205
904  49
2887  152
898  49
1913  100
2293  118
2967  159
1161  64
619  30
3543  186
3832  201
3058  163
3620  190
3951  210
1852  94
1592  86
2849  152
1831  96
3551  190
3232  168
1483  81
568  28
2815  147
1938  104
3752  196
814  46
3603  188
3656  190
2018  105
2714  140
1365  69
2193  112
2381  125
3864  200
3737  196
624  36
435  26
2061  105
1754  94
2253  116
2701  139
1642  87
1855  98
2779  146
1186  63
715  40
3247  173
812  45
1532  81
3860  206
3010  160
1461  75
2504  129
457  26
815  43
358  22
211  9
3512  184
2655  139
2657  142
2384  122
236  10
904  47
2527  130
1649  89
511  29
1371  69
1284  70
3178  164
3122  166
281  18
3620  194
637  33
1837  99
1935  99
3675  190
309  18
426  24
2017  109
2904  156
3839  201
1431  74
2891  154
944  48
3690  197
1403  75
2621  138
3400  182
1350  69
3659  190
1555  85
1445  74
2510  129
2704  145
2108  108
3607  193
2311  123
1555  82
418  22
3091  163
1486  77
745  40
3701  194
3023  158
1514  82
3506  182
2978  155
2053  106
2370  128
3314  175
625  35
1999  103
1444  74
2859  150
600  32
2590  139
3335  178
526  30
2449  127
2578  136
1335  69
3528  183
1365  72
3180  165
202  12
1843  94
3809  197
498  27
2104  114
1381  73
646  32
3659  192
2859  150
1640  87
2379  125
2032  107
445  21
1550  80
338  19
606  29
3678  192
3400  176
1414  72
272  12
3810  198
1066  54
3153  169
962  52
2336  123
3398  180
3960  205
2564  138
3974  211
482  28
2327  123
3011  161
3665  193
2148  115
2776  149
1382  73
3189  165
2569  133
2813  149
3266  170
2737  147
3604  190
3726  194
2082  113
2228  115
887  50
1025  53
1241  62
3996  209
3528  183
342  20
1544  81
2838  151
3543  185
312  15
1227  68
3604  193
3243  168
3291  175
3254  173
1392  75
3500  187
2538  136
1605  82
344  18
1608  86
1057  58
1836  98
1169  65
1766  93
339  15
2487  134
1256  65
3608  188
324  16
3320  176
2983  158
3130  166
350  19
2265  119
2265  122
1425  75
563  31
1050  54
3237  168
1800  97
2522  131
941  48
945  47
531  31
398  24
2114  108
483  24
2914  150
437  26
448  24
973  51
3381  175
1217  65
3260  170
3076  164
2962  159
2818  148
913  48
2106  112
1234  68
1523  82
1560  85
3924  206
962  50
1820  99
3402  177
526  25
3385  179
3906  208
2738  145
3989  210
1978  107
2998  156
2228  118
2056  108
1528  82
3713  196
3778  199
2274  122
220  9
2263  122
2100  114
2278  122
367  17
3574  187
3165  167
2770  148
419  25
3101  163
228  13
3908  204
737  40
3052  163
743  40
661  33
1783  93
730  35
2137  112
2678  142
1953  102
779  43
1773  93
3350  174
2480  132
3470  181
2307  119
1956  106
2809  147
2308  119
3178  168
465  26
700  35
3342  173
375  23
438  22
3114  165
2910  153
3886  206
3095  162
842  42
3060  159
2981  160
2238  116
3682  191
2260  121
575  28
1468  76
620  36
2483  131
472  26
2549  132
2452  126
3911  203
3521  186
1538  78
1181  60
2270  121
1952  105
2221  114
3571  189
3828  200
2593  136
2136  113
3915  207
2016  109
1442  73
2158  117
2908  155
1160  61
3252  172
1730  88
445  25
3467  179
3924  209
3377  175
211  13
3847  202
232  14
3574  186
2101  111
1328  71
434  24
2605  139
921  49
3387  178
1073  53
1351  73
1180  59
2219  118
1735  88
2141  113
2245  119
748  37
2542  137
1248  68
3747  198
1808  96
3013  159
3916  205
3872  201
2309  123
1976  101
402  21
1529  80
3995  209
988  51
613  32
2692  144
3452  181
1458  80
2636  138
2782  148
3158  163
2760  143
458  23
787  41
3430  180
2579  137
3839  199
2828  150
3591  188
371  19
261  13
1177  59
2313  125
1998  102
2278  123
1572  84
3073  163
544  27
1213  65
3759  200
1439  74
2403  125
586  29
2044  108
3064  162
829  46
314  16
1321  69
693  35
737  41
1122  59
1258  66
1441  78
3238  167
292  18
1622  84
2359  124
1198  62
1131  59
1965  104
1563  84
1886  99
2353  122
663  38
1640  88
2161  117
655  34
495  24
1716  92
2619  141
2957  155
3157  168
713  38
1400  76
744  36
1338  69
3356  177
1910  104
679  33
3866  202
3648  194
3311  171
2082  109
2550  136
3233  170
1793  96
1205  60
3122  163
842  41
2777  147
3434  178
3359  176
1404  73
3884  205
482  25
1099  55
1042  52
3215  170
935  49
1911  103
957  49
2510  132
1798  98
611  30
1236  63
589  30
914  50
1117  60
2403  123
1470  74
2126  111
444  23
1435  76
220  9
3358  179
2398  127
2093  110
304  17
3306  176
601  31
3062  161
1866  100
3773  197
598  30
3223  167
2377  125
2720  146
1587  82
3849  200
1655  85
715  38
2990  156
905  51
1500  76
660  38
1338  67
447  21
2983  154
3173  168
3304  175
3756  195
2114  109
2849  148
2604  138
2007  104
1691  90
2357  126
1615  85
3187  169
3833  202
2285  117
1750  89
2286  121
3220  169
1435  79
3579  188
2906  150
3078  165
2638  139
476  24
2849  149
3749  196
2937  156
3648  190
2063  111
3139  166
238  10
3483  181
482  23
3417  179
3708  197
1572  83
2699  139
2965  154
3049  163
3911  206
3726  193
965  51
886  49
604  34
2673  141
1038  55
1692  89
962  49
375  22
1938  100
915  50
338  15
1814  92
2802  148
2839  152
1715  89
2532  132
2254  118
426  21
2639  138
759  43
3307  173
676  35
3625  193
1393  74
2743  146
2723  146
2434  126
1237  67
910  50
3426  180
3763  199
3212  170
1490  81
2571  133
3557  184
2241  116
613  34
856  46
1079  56
752  39
978  48
566  31
243  11
3234  171
3850  203
3768  200
2381  125
2574  137
2888  152
2714  144
1004  50
2450  126
2495  133
1089  54
938  49
1991  103
3887  205
3103  162
1545  81
1547  83
3992  212
1292  65
2649  141
2178  114
872  49
1224  67
3378  180
2172  115
3092  164
1806  98
3712  192
3702  194
1818  93
1154  61
3090  163
1794  97
2505  134
869  43
1041  54
1559  81
2979  159
637  37
2435  127
2713  146
2905  152
2473  133
1631  88
2010  107
1208  67
870  49
2943  153
3731  194
1600  86
455  23
1674  89
2916  150
378  17
3031  163
3108  166
737  42
3469  182
2769  147
3528  185
1326  70
905  49
2642  138
2865  153
416  25
2033  108
3845  203
3327  178
1268  64
478  24
1035  55
2113  112
641  32
2377  127
2987  156
3257  171
2830  146
269  16
236  10
2372  123
1691  88
1265  70
2725  140
2264  120
2844  148
3085  162
2101  109
906  49
2426  127
3818  201
1406  76
1865  95
2919  153
1640  88
2860  149
1909  101
871  47
2158  111
453  26
527  26
1961  100
1598  81
3487  182
418  19
1619  88
2667  137
2535  131
2739  141
2562  136
1117  62
2272  119
508  28
3329  176
1628  86
672  34
2403  126
1298  68
3988  209
1141  61
742  38
1853  97
2448  132