04606868602282866620X6648420466400026442X2868060822466262406X6824286400220284886
46828642644464606604660424620064088682684806866228444664800880848864402208206482
04006808282680406248648220602024026224624468604482660606468466464206844402428820
80228640422460624606884288260426402228884464640848468028620202044244022004084688
60660842260260264800086060840422424824680282804842062420002428608840464268068080
06400608826086448400666860088208820822428068842826200686262004840884004280640884
24066688448802620606286624402626880682284848820288682402022464620268080406648006
44622068044008248280884046228688080462804288684664066000620680684406648448480482
46888626228806468424866842600226406880086084684604686626426888606604488882608204
62088664646282288464808646424668006008088202664800880624202288864886068666680420
46222026248288002488X8228080884406680642X4064448424024802804X0664040084488684840
60448088002262648806888460668660446020666608620808422006286480828448002020620044
66280064404246042282006466664668220642264620422844024400648688660860022000868428
40066862866644228204806882802608668604648868042880048468844426206866800244068800
62428206400462446688084222200884026662462824260488288284882662286802468288282404
84644020022460824864868622048026824466082268264004266866486486000426286860202460
06400820248000806668620264826628802488860280428682040842406204006826662840020620
46666880002662888044440044000668420446808024864404024468604846042440224688844044
66826806624006044082642068022802400688228428028680864808888244688042200226808480
06208888204604040626822828620462204482604084866088284868860204002664448686004444
62820888268886826842X0628206688606826626X8884866280884222244X8262028282260600688
24688822028008622200420222626084400282244068048604864486026228484208200046460066
62688484244886022822862806042400004828400000220640428820464840008806868044620668
40466088280426284228686444862228424020486202420086264226808864888680642620666080
22020264042082682664882826804200404624648008428828268606828842860606262268068084
82440246040684262868444444640424420442444288428888880404866062282202400686682202
80202040482666086246444484646060608244086688086224262464480828668260240820286262
08620286240626608442062026260628648282426640268026228268444022024482680486242066
08608048284606446802020624400840826266802466080606004844008264826044024628464206
08848084220664444808600864204866620806848024246880222222628840240684806086020028
04820282200684226622X8866622608864442460X6624060208080688626X8844606602466684820
82800608840448860886602428464826686064822446604866684262664820822284408440282206
02246840240460604242680648406804888640046886648448028422420024002800486804884882
46460602264004844280624428042022426208848608406008806486460262684206044284424286
44840404628828046446008228400602680248682086862620840888420000008660088040008266
64826406044004844802222686806406062688640406884668226288026220484260246604662228
82662688666608880628064244808446828022882828028604860008664086040246828808068428
08884804004628644462886844624800860644884884440446066020226664408222040444288648
82280066628800288848006842244604082664086080284048404884626060844020664662468806
20846406868408482486860206022088668488620060442000008864420840800624006228608826
40668260022062626622X0066288666006682042X6400066060246604240X4244840422408264802
88422624862422400822802868288608660826462620444648046266024400268826002686642264
40462268206406464248066048008606440060288404802844202668646062000620246622808442
40286264224684228042824466824460466224268420026460040244400282024602082042606004
06642660228824422222468862822684260284886422286848862408668424602424046402446828
48280000064284060000800226440020222422266428466086626222866002486208644244866448
68664444064206264006648048266008800880220664000448628820888428626484288020868400
40682422086606662446608046600064860822000660088200246620488260062244242620846660
02448080820488064820646622828004066864222824604442400426820800824600048426240400
66646482600242666882800842668426664482248828420082262026864620862048466400022068
00680042662886664662X4480444646622488262X8226640288860004280X8460260686286468866
48206828668844446802820800608464664668262240866462420428822884620200806086642840
66264686026800022420848604244686686602646226062284066208824620622046240282604240
22006228886060608060024646428002466422668400268208866202468828668246064002226462
60062208466800648028624084262862888282620664426646684642262862424260202848804808
22068220208888662448200448862046864622044428442420240086406048000608204806424026
82404624866222640420046248482426826486884662066482204220420208804688624804080808
82024668644040286282222226208688200682868482204068600624062820686860062808426820
28482080246624662268460082448406640240480006268040646686240428886668200008840008
80224626080824024280404280848028444648480688646444884882420486462086624860628404
42628248462040606620X8446080048228648042X4482828200248600482X0202628262008624044
46488060684442264220048406264024402000686884222480466886884208862844646048868604
60200864600200682666044428682084420480844802028066048084408084448802246426664820
42404280228426046442040426680824484642042404860424642424442462284688262620802268
04840208882426086088484068068226022286424460880208646448282804844086086646684880
44282246088204828402220806402808824626680842468624064224624808484008246268226024
62088882604048848808400626826006846266080260482806882008422040028442860020660844
82622646280406868662800048448268806622846448624440022484626244648664244064460664
60408648020648260284226402888208644604868686868608244484008448426880246468046260
20204406024860424802062628484406004846002086244248622484806086200208406208468688
80022066660248208066X8604822482482240866X4260864028266402440X0022204428608622422
20888288602646464488848622842848820284664608882402288266446226040482884402224644
84204226024428480602226266462468408204224884028066622880428004886028064480802042
04848448280040468682648642660048006064080206824280808406244822066880264644804226
82822848242086402066222806422282222668062026648842884820604284044408862240868084
08026846428420228086800262262000024884026686488004246262808226260448024828000086
28686422666606084482200628024822600226044202886848268466024626484208862284422222
08804688664862406068060840628220842822084220628440284266020004208684200264880264
62820262060088804480422480044862628626026222024284044008400244640086280460444202
64004460882820884440826408020408266482848888200006642442684686682606646080662404
42868284620246208062X2680020024020024406X4242024444246628668X2646688280004242048
00080400260604428462206084040682002626042228824664000402220644244086482662660602
62026208460086006064820620048680480800048020064646246822242004086008486668640262
62266646844628846880826048642602444284280286880888844886424828240422844008040884
64224442444688004280262888242064466080248008882020602208648444682488000842686866
82286084080660640006842482862808628044264866848622664280802828800288084866204608
46008604286600888084642802020002846064624442008466006682484220402684468062004620
00040624484428662442400864266062648640660226488684224664004204086042060628886848
44428428000882206284666226260824666602466884248622888466442406806828060266060244
00022860642206862684088220220664444684622466082686626282286806662486686002842040
08602068008066002662X0282668486288668402X4668024640662484200X4808000288684628866
00446626424666266408028080242020248248448242626028428868484444248240220200204682
48448660028024882864646626008088824062226662888004064684826086840448624286240266
80606282088464444208846402620420026242080626000224488666626082020260624262286868
26888864820024620804262066442660006060822626644000022282202286480066040206420266
48820444828842420628268446866428820442486864666288220268608824806064220624826480
62046488266046642848862406226086280024448602022422222846622644042408444088860848
26864446004222402828420688286202468428080882844420444402266086200002620200000404
26824488626880286682046688260868626828482862468048686444208662028222646806048882
46460260004260224882686084082466284006446260642420282048680022224422664066646640
06604866484602424242X4486206826468824842X2064044248080282688X0488688002624668604
68028086802042608660446460242088802844084404246086428022800442408626242040626608
66866062820884820626840280204400828040444042868448866488260806440200004808004824
08880802808006424802066286644404066026220268840066006404200228048408404024662086
42866206006462086002842244668842224426062408224206866666604804680688684626068624
44248868868428266824888864824602264468662024464044802026800440426684208060280446
62068468280864286648840886828204842666248428602684808282884820846400804664226680
82420004800426620242648046422820002826002642006208040662420444848822464808048606
20484866624208208644422666268404800824244088202800442840866006028882288264204260
66822286048082446068048224080660204860226484648806208208864244008606202426286806
20280626440828868220X4042624602028202842X0684284006424808608X2828006228068462828
40268860840262642068240220486042222446824064808086426800428084442268266668204248
48604442686242842804800484228406088846804602686020884420040406644644408684488826
66640682408648462280424662428866882808688060402228606006642846084022280244664442
80848640222060062426044066408082620426660424682006644864066204208022084208486086
48206426008646082086202240424002202244068228466646622222846222486646604422240820
22680068088644260482884068402628462240648868620660222440442026206642264880688020
60600624846208624880420448622440268824888062222880226062240200262246464262426028
82602262084268660888840826648284284406448208868480842402620006480808840804680440
66886406420684684680828826402406286422868206204680026222048046886240284486640282
24224424246888480248X0846602062820664286X2846268804480440886X2800888460442682062
26646822440242868002262408462406006406488228402246682440484602084242828288864084
26206820204088604448060048006640420846044248226420666260462082046284842408686400
48264628688062404062000024208048020460808404800420228664044606060280064260442484
64642664486442408244224008040080062804842068602228626046808682684842088022682824
04664860826826820820444848644808664640022002620884046664848668462002828408462286
82088006688026800442228826848844224020808886426206468440646626420862042244268280
86826802068462000286866844468268626800628240080604006262862028204264844864826620
46860684446844684806822664862084020460402048848620628848226066040068808262060642
22264228468428462062240620806648648080404466442640448204602884842062880080864466
48668260442268040246X4802482844824848000X4644620628008080408X0448068468026668664
20646622840428048864228866006224000820826624688068668046822846486426000000268482
46440408886888228424880462844602664846842482226826624226440886400808428428464266
02842204862282886028488420802866048002406842486840846464604686684000044084886246
42822448088468460208642444464280800662486262206462002624468662068646088028086086
28640642644266462060200408846888646826884084240288086688488668880800622868802286
06400688684802860800486424822802062242662600820646242846068206268484682228208882
04442282006400208286262482006660842804846846080404886646820002688444064000082062
62648622408002446062880422688408084628860804644284268228024662088824228642666484
46462262246828060004426642042846622060200844446086222260462422284680024422824424
88228622808408226028X6828606400222860642X8408824682006628044X6260282442444606822
04820802244608224666222244802884482086006682486668600628240200286246600288886008
60482446808240442426020686048644868068448888024468608488820808200028802804886682
06486484208686686228842662848608224802888202888260868822286000660262042028446664
46086808862048204088668088240202086604048608646468040884686868844282686888802226
04086886284424404246002442006624460286626426800420488640264248848684464422642808
06024228862686684640680262424648424664460008086222246004808020604468206848646220
62286284446040648420028664220482422084404608248264668408264268206664622802480844
20862208068640066086800002482800628286066480666208460040202026624440086446260026
42862042606228222608684062040644280008622828824286046422406608262040840028620208
26684468886204060044X0664064486204606088X2828228062262644482X2404840440668062028
02608004820226008442024424666680266662442064642668080848680226246884662268402628
24844600048648844040620228662660260844662280802022044282244028086048860666026482
86200006088686200468442242646622862648446684646826462604228264444086020242044882
28048640424628228484248282260224866040682042224022666886068200840006602244802640
44084608244244662886200262202022226222620466086644680204626826280660862600862802
00066840004280444466060206024240266042062000664484480646848880486206626828006226
24442086462644006048280000028024264822082844408086624068860462086080680406626042
28228088800042006682660200244040208606800020284484206426224466260286024846626040
80640602688662864824286248400242084000448402624804448282620666024280048064680884
24240862662446002226X2224088006284864008X6426088286406020424X2820406400884064664
00068484808242686088042042488062044042482624680604664026026022466046280482082028
08240042682840868824444600628888040426686248006084864026426664026408002880004064
02244428080448802006648404602420266804064648828068002068248668468840864228642420
24022226482224426682288806602284608286288686486642006620604424802844086000848026
86244066884822284888888826224426080808088220886888422862002422466042444044080464
46026402080268608002480800824620466064000220686466886640246622628442260824228266
64000028840206628686026820882440600024880228464604082846246622280620220062888822
28284620288262226844666028086400626288000260406240062422242202224006224400006848
24482044002022206202824888022600460868006824262446662020866648248660606064286026
20886646204882044642X0226004682066246662X6620804422626008484X6000040262648482426
08268002620282482280464266260444628604628682864626608068620428066088488020242644
86202240842440042802202222046022062280464028806668828882200408248880680248862462
86048084226046466086260084280062084266004682260640820288668200248666846604062644
48884882682026604684668628842206440028826608888286600264426680846444068844048040
04420886884480884468624440686286204426800468442248646462466668684208840204604646
80060644602402020864024424868648008864028082066286202822400006008060204606848420
42848022066242828028204842248066242660882028028406260840862206646264042282686866
68002406646082828260082862226862220624428002464264480442828086006624402648844668
64628608408282202028888686420422820440628006404462440800442482442642800624886088
48024442422648884626X4064884260424400420X2200044886860864200X8620004020464684462
68686628680664600600280044846064662228222640260224080400406426286200802422644288
00622664884842888666400682444862022220402002424000820806266680660620006642426024
06022248462208806206468644228082028080282004448644626088828408606608466466204688
84044464880226844222684682026488440464448444488228288802888022464604802044666620
02022080646228020664860004660606662000820224842042444682440082460060686828860668
08866260802842604266224064248842088426042042840688086266048886284002662662648402
02246042428402688284644266844668664286266444068808482482662284280842842220068688
22460468266004062682864086622666642626228820082602888828206820648426608286860888
24424820646224884460806080828426288220660664826262202028460226626002680222800828
82220822686026860808X6284486404824264686X0420628840222024664X2866802222062604646
02022086200222480404482686044864860844086866464064842224404200200004244682460220
64462682842042626622802240820480224406440000284286486886280408086082204668668448
80848480480460222824482484808684244286666880482004824040022642248448868640404686
24606444624626084282662662228084460008466664884626026244448604606664488422446646
88460862022802402400066800460284400084842260848448488260484286644246826800626604
20868424826244466204226260842880644068808246460686826048284664200022068064208842
66082820880268422668668208264268622200046608400660006400604482248286646086062422
22408682640088868622486200442844268422042622080624624226004264448802464800084668
60068400002622826626802884020442404662464048482864484842000246688480402088844664
40624604620446468668X2060644280846268682X2688828084648424686X4806028086426284840
66608804806846468860806068048484288042488846846486402206848240826046260240446620
68266408064482280466264048888446604442266040808886804820442266028824448488688440
24222666282226480602422628880486862260604266000028808648084282048808242000028664
06444800602486884046206682208002648828226082220240604002486006260828466204264826
48648886880446484422402240428044880440802682608488666824828042644646408466466406
00880208204084680202062442020604880064084682262446668824802006426468286068868060
00440200006448444802222282664866262608440822446248084820208204424002480482626062
60684408866660086646868684202082842284284428280826604682642286028448206244604466
82440468842608446280888260662084220040800226662426828666440022824802008606446022
20202264828660082446X8206608822822266468X4284684264088860844X6260662084004208802
06620200286682286684460022620088462640468828822088448444460044886880622842040880
68820282000260264826448426826244824884840688006486204082428260282886646622682628
02888084002206220022804028446884806466206486886266008448460480668446826808848488
02248842444442224448204202442226424480462088066228842846868448202266844200284842
66602660664842284420806248842466404204866286002042048684222486260828882628242626
48048400406484620888680262288642008084802422440604402048404246606262626662286404
64420646666044248026844800822608088228042264442828826644046484486462820862624248
20820024040682040046062802282866840842448886080422202664288488888660400084602404
08200822200066640222822666002046646486668822642604400026222062844244642842288608
06660808200222082688X8026066600824208446X4802046202624040668X4062006424220884624
68828448886004802620242402260844088026666644642602222666204224808480222484246248
68448004282066008424646202828422824420642882480806226624804404486808820484222268
22426806428820020202060682060400864024268426046684088460200084406088468008466866
04606284480800062622642022820626600208602864680822826266664828024422424626448260
20028622664822402822264222646206048882686668242422022000646002202240606686602422
88826206602644406486684068482486482624888664006622442840626488208244288862086264
42080024800826804068486468046408482444486022646222060280868286642026862442402486
06402640606006062862606460006624040086248660802422480662642642268886428428446064
02846648466002684822422668862080846400624244464822686086808064044468688082484440
42866088822486460686X6246048262864062288X4228682860046606288X0642622264402868606
02242486484062648600482862086844042080022086848020068482626240082286224808686086
40024488460840202680002600002624806842840806228006044000200802866008266280606280
80864062428484822880264220288662284448288080444082808624286002084880226288202682
20868428220288400440020688022266400280648220662226608468264022260482020866440222
60422084080006048664448004026800662208282462244804606244642602428844620444880462
02868224600888406800002428806844824820426860464222268002622006648488400080884468
60820264220408460640862008420624824488026820866884028464228862062824864420260626
62466886024402624680608842664406462208226020846026244000244080622208486608006080
60684020406282280244620464242226244024884008286022846606446482668268426648604686
42262606448024628266X6268000646682642646X8682882060282840480X6882464662244268684
68608002646086004220040080688026660064088488680062066600260020822600602862202808
02204428846408844284602280240606088882008804260800026226266680408064268002040044
26686028442624664440688040868840600208080224600208648024880808488860462888062208
40864802088462068244288442604288222828460260440286620026406028646640824624426460
46664022204446028086048824284868806624488284060486688662808204884600040440648824
22804808484068028240622802482464086844846620002060842262082082804468220408646488
46602642686846028604222826046448282042068222888402488422800842060868246426240426
68828404442804460244482620224488286040866482448064666406864406422860462262084228
26400424402400224426084048088222428048004842242046202228486822068482248666866666
66844422062468824082X8686242020044880202X8224446406420482848X4246020668060204664
68622460808684086822264660666822484064600280846866000004084864024244822420202602
28442088002022040266680866286808024460048800840442626086604488082868880462806822
86020428242828640242264064684660662602664260864260486608402466646662006424486866
22220224828884888448202488444644244088482268628628260860688462082628422046288044
80824842242286804046802806860660806204600206864064806402020866086488400208808002
26488662864646644044844008684204260486888846066820620042426268482080020660060228
22040422288682662826604488828446062200688680064404442888486000664460424280642262
82462066802040242208886286668402480084268668862826062288088086688846602820642828
42800848482044266020442446466422482088046840622640062408828208682846282800404040
44840446042462440006X4226264668622004262X2802828862888402606X6602000026880806842
26626600808060442004022246066000606068440004002666604080242208228648860400662046
84684642800846686802608080802680064842806640026202688620488266008464668202046488
20240400822840240624800822268604668804488060486866024068042086268422006068664820
80866604420628684202464404484462688604028026406682688402606008480820640200688682
48466828484480884888002402060864680408466468482248202468428046622246840404888882
06042064200244608024488660860046024408828640068024822686240600444864644242022642
88220606088424024840064488664860082840662002628602006660422608280400822260406282
06266244440624224206208240286886260802208042886444648286846662820282242446486602
80646260820680826242224024868406440422848084006864648226424686424640488284802242
88446426826062020464X6882020662622608646X6664080488606620644X0064848846822844284
80466444680624004860606686824048846408204884228428668022424664046028840268028020
40822668660008022480800866440086206288646068648446062622080682408624228686442600
62686488026464042060866084280068826042020866842042448004448668840028204684804820
40488408006246884244680228820240662028240462680024628620240462444022882248464464
48688664426268486280402062626688444608000484620482202242886284482648460280228428
44604008002648622424280824620002266246204228880264468006288020280004468866424080
86408882822000800268022206040480864848048062886222688402082028860684048266084604
08248400800008440886462426024820444202088684002288860000080404688668046868402246
22240648666862600242080646082028264868046466662240642862488086428006420400280828
86600604220660280646X4048866240842066242X2626266602246866006X4420624406846642046
66424282482224208062620444608040086688026206200626606842666644664208602008462446
84428484404046884084662024080868486622424066084428082804402042424042202062448668
44086026842688806202662448066664284428600262482628004222262248420242468004644084
84442822400248288688484808060208044022860006662842840008068220402604486246040862
88842408088408246848026606808688240204046042668026482440042808826000260428660426
86408848488288602848864604406002820222008886848228464826626406208808240884802628
26480846846842880686684260488486400280624806060264646208266244404062468486460262
02886606826024484220824448608448240466488668480824464228242086644208466022686228
20846002682846244260626240686264820084266242400048066828842680080226600024204408
48224880040848282886X4068624668004646202X4224840686260822822X0022808046404840884
26840820424440628484608206260644064288082262808068606680806846806822242666084468
06428840626244488626286222840624462864426662600060868426606426868400466608606288
82424606288280668604886248008202608808048244868064662226026264882220800060086684
42642240268862802024662280022046000820680424466262462020622682284864022268080488
20004064424408826402468086602460240482084860842228088040882822202848248040026024
48868602220488484028246000444002042620460820684400064428682226226682808262000088
06224668206006288640246622208060464448400626480280862844460404280208684640804486
02608608488448480664042066202266242200426660460408042244248046224668686068420828
28226086226480628002266228602664428060206440822224804820444642420682040806686622
62280684842648066466X2002844626622602066X6462004064004026246X2066820846884266422
68880802082048048626484088848820480860088868066820608426068006042602240884024244
86808264088626204682862626848688682400402064288848468842068068046064288240606080
86422226888604026228084206420402044444486866066040824882240022886684242242826282
80220400422826026862268866664880406648008028224064464664840242048202444604880006
46004042448482884666022006664000086884604422606044226828080626040442840886248662
88808664004800606468080488022226064228486840240468608406848088642066208248664626
04880620668402404268684044444864882226080622600044468084206484820286682068208804
82608666624288622444486044608660402022646806828804220464262080468844608062804064
04646628840486460086006228068880440402800886268460648284664206660440806260822084
42808668226660008868X8886040868622604040X8466086248204264220X0860468464482266420
08480002248060042624244242844208442260208008222428844844244208262280266860064008
00800642442000806624420628842220646482662824686220688086608486664224202828022804
86264646026000022060062244686220660882080866286026684004424480822884466664628282
60226620860208082848460808860266460842424222646802602602406080282422624426224242
04664844084222884622484440600468286084048400424626268404244428264204424484440008
80084226426000444408604040024888684606646080222684204440240202864288260422208408
66042248040062622628804448200082204624862800282240408442844060426680682208426026
02066004840082264046802824402042400800644006248240824828668282826286840428062804
04402468844248686620048048064628402262048022880066682420402680222662264204260808
46842646200020028206X8424666488446204668X4002068604480802848X0422008860060020024
80808082460022842626460028286668484008042282060844224864280802040804482002440244
04822842228280464622864826288200684264060428048406848202246444006460228242442840
46684464820468228680860688888220886686040642802284006080440062224060486048886460
44828864008626660820006222068044024424880424820268662840428660080020046042840406
08682004444660842446004808086228688220280660068288684620622000620462686444482622
04264006842822204600486266224220808282204400228628060262002204604060260426288224
24080644400688844406262266640880808086840286460820466462882062020422204046226424
28066240024848286424224622644202024888444442200068228220668282482048022046262086
28200204488084484888202288428826824640202822666482648448644426260062266862402680
46068682466208640606X0240486042484206202X8648462462606886226X4684248064284684886
80042802682468046442626420464046488226888464288880680080448280806822268080202080
00208284440822864280002646844428822224662462262440646862248686800004880264242804
08604060088206644086264402404040802266024440046642042620402240002402620208208242
08808460808060660664004480806806420020888424448204408202844424448442840224446440
40024484822602062028442040440228268224864644426808080884806248604060408202462206
80448244460628624048686802086208222846602624628042680246826408880246426860426846
00046888080848484084240400642468026420826226862200424840480868808462688800886460
22806880824488206462008286804006626226002280062888084466080008242246808880404066
80842022804200422004802424404664820068222622400626268600462222844686022020842222
24226006886888860608X0402244248686600666X6480082044080642260X8608402804644822200
42808860680202000200860826800624402600026884202084242042680826444664248600262462
80828648262828040404240442640282688046248484406422820060060086824882002266600660
00864688460040224422004822246264444848006646826244446206448262202268428868642884
42460042880680828246486684066204664868668066888202226484464268682882668826622066
00628222660488402406822246640622004044064688620682468026280688466206648446026024
26226444482284464224262080400042660440824464424606082640848020424082468846846644
02688062226206640640406802804204426284842404246284084688842424046244062288440606
06826668220480444204206666684604224608802860840068228206620460264680006608264488
64886442046426884608646088660484406442028264662064448262022260084484066888604248
02246682022264424024X0006688002280440466X0280260406608662680X6802840206620048244
26246280426806640286864440228224462800462464862648224242808886808280686868044804
08004822086646642086022080802264080806426846280206608800420288280626084004064824
44080688202406806648826808842800886620220680484604862284246208644204086446648204
80488626866824662202664864684840446840400480804206842248466000064064606446222264
26402206446888086460620064866406222088884040240640202202024880020082068484426028
68066424642008064408802848260264620288266442266648868604064268220288280042628804
22880608648044868208004406486202426806226484844804686642204824024062428862086200
42820806446248840882884864244288048426888622262864446000844024264280040660882848
22686288828222820002400068002220488806086426604820626824840084884428864282628620
40802068062202604240X0226208420424208664X0600068640040000022X4004882200264626622
88484400420620468222208264068486268464462806806886480800208048422000448884028222
86048846608826668668406886026086664600464880880466220048846848464840262668842806
84440886248620828400688282806086448000464200226248264820420864426024086082624806
82262620486848628626682882624444806426426086028060284020620808620446626206084404
64464044624406042664206682062224060828620200286266266062804068206020008662846822
00680884026088640482848884408282620080406482686642424044286888602666024826280044
86648844424482828820642062060840826888804626802268040842842062408440600264026882
40442262464868080224222202882862262480846024800426620404660842684240800046686806
62846806882802884082226064666226060064280802802086608846288820422828268020682444
22668200204606444268X8400628844606888242X4862828628226060066X6448826226420684448
22486226424248646222002864884622802884244464862608228242066606420486226664460800
08048282624444826682226824660208286024222084086824840824042802860802628408228862
48626240884604460406824866688406860626408628488440808468402022628224846282646662
42480804066024404024260208644662408626044448844442220446060268246680660448828026
04244242608408862282422606422800022462226088240440284026280200044240402260088824
02884808820206684428666626442464468886482622260880040000262888402006640848840880
48884608284648268684464242664022044020242882604808688286002264688424224226406868
64040068048268684206208282282000484602684240424400428602068206884444640668228826
86642648666648888644648466284066846844684662264886026802280068822606006648024844
28062480466464026286X6224806048082006808X4828080400246260844X8220264266282464608
82846868404224464646682848464822202226600086424222022208484000088208866002224404
20226482646024448046066062668066082228822008046008408428440664060266886628624620
64624442800424224666846202206064084626024804484802202626466046404800846822246642
28222024680402426008806284084060600824242684062624008222080084048240020264822244
84460228884428064080246462280886400868028642860860888288042884482264602662600860
84208800408226804082602868466224480084864464082284420222882068206240880824406882
00400204204286048062804886820226848282448260864642606204280428822220268086402840
06846260266024066442020666248044820086286848448264066480846288666046820604842862
60804048064880642228022844024024826446240420000208664828488444626482068024686626
84240642424602888002X4608208264684488264X2264666824208242644X0004420028486242688
40080644042444608402688006468666604086848402642248060642242482062466466048268248
24688260884602888804022626284048626066284682042044648402682846820264240440022886
44426840848000422442888002828088060022640884484606002604044066666662202024042828
84486604688428268846844682866206468066802884840846080468686400806220826206266260
42240660244060486020628820620822620204486826424044466002460608022864086880428280
64864244466002028642448020686002482066028862226040280420486488228066284886044262
00200466624608082800288826680620008284062428006408404686488420846208484624264006
20246288668686820628464024646646228462040262806286882806642606288422260848620660
68628806424060082288820808842822842280020800606684206200682806466466606480228688